0.389113847543295
0.37914889174351474
0.3668875551423879
0.362776209762911
0.35781043649168565
0.3503205907152215
0.3458225356479911
0.34328523859365084
0.33437899299016055
0.33341559308299
0.330637745981981
0.32759070083394237
0.3227461387585829
0.32066130384784497
0.3176502106156399
0.3106976592374651
0.3115749613929892
0.3054569008524011
0.3036585786508188
0.3029789570590773
0.30157010487794145
0.2999978284686727
0.29342444492520636
0.29451641998959327
0.2914031611351779
0.28914990198027957
0.2872958784951793
0.28962099984330636
0.2835100424097183
0.28075250684750336
0.2796198772131519
0.27985374403655555
0.274110083864225
0.27409091222633736
0.2720749303597961
0.27384924716249354
0.2729449255386815
0.27040440676306243
0.2687662084809005
0.2674761185664093
0.2655514995078413
0.26273865227677023
0.26297192022261384
0.2622755537994043
0.25995330127304384
0.2561532172991538
0.2596910507298195
0.25918140580184656
0.25473034767154523
0.2545922944434302
0.2534351634619355
0.25516063282727636
0.2520917195764774
0.24982251843037465
0.24822645280313244
0.24763391446120955
0.24622180328168985
0.24785404908963438
0.24364170355645173
0.2463148088952033
0.24460449896372422
0.24447918827316947
0.24143586472191295
0.24059229437705362
0.23899880417232855
0.2383641301100973
0.24047818421281905
0.23615216265040034
0.23838364973126452
0.23622296308275886
0.23383011988955663
0.23326901294972613
0.2345182484308087
0.2327196209346665
0.22983836668508748
0.23242802624304454
0.23103848653139752
0.22828338183290334
0.23007659087761295
0.22725186633926325
0.22892296319150826
0.22648589121382534
0.225328062488236
0.22590309853518056
0.22398026737649504
0.22458864840589865
0.22353006798513494
0.22282974261205193
0.22477562591454028
0.22165162964123963
0.2219964421533095
0.22098782321129481
0.22051150412174483
0.2222106042322862
0.21947638538825034
0.2167010793049086
0.21890993511481166
0.21968593995409544
0.21779786921618458
0.21646643115746747
0.21715600330885734
0.21417802567888455
0.21369037827871776
0.21351251974668237
0.212354219688585
0.21586517076369902
0.2115005456245219
0.21011573105672615
0.21112921832967144
0.20907681095627464
0.21256161161140197
0.2139167257202442
0.2111870861197062
0.21409116096839928
0.21074521602349322
0.21280606443710365
0.21138501003188676
0.20926605854097177
0.2080363574418242
0.2073234337452542
0.20893799282417883
0.20691991011275487
0.20289658737715763
0.20519897969585912
0.20447825259438954
0.20637747316835003
0.20075675049041258
0.2033378858318597
0.2051923857315565
0.20309693624708586
0.2017301535918472
0.2022714047580886
0.20082942821864166
0.19760537852423266
0.20014997640556442
0.20087947949214766
0.19936493557973253
0.20056564848004815
0.20307129874804522
0.19534927475014432
0.20124163854372906
0.19840321589497442
0.19917734507438647
0.19927617935455594
0.19806413603886092
0.19696306034773375
0.198795318750226
0.20057028444226507
0.19567809843605086
0.19594079697009364
0.19324766123353798
0.19459444832724174
0.19654348491700305
0.19405946051190828
0.19335842845767454
0.1927553839505937
0.1935529243736367
0.19159990047686815
0.19139510725198627
0.1930374668455095
0.19245442784204972
0.19423673564994062
0.19212419410066137
0.19241568980324747
0.19341864847771267
0.1923297663206947
0.19228008208125189
0.192688001842479
0.19154861964960077
0.19124929666655513
0.19254713947388039
0.19025716445917953
0.19005400608980347
0.19094378546670757
0.1881310355232002
0.18830637358192634
0.19104276616867907
0.19059804395909094
0.18905702812066574
0.19019842804257234
0.18674319972004333
0.18544352848772036
0.18594423433007165
0.18680214610791637
0.1871010384003422
0.19033623986917947
0.1893049712980789
0.18542225384663916
0.18467445511771735
0.18775053304240907
0.18777564160886367
0.18915528054342484
0.1883979745274055
0.190329429324657
0.1882756527513687
0.18645598061512478
0.1844547873810844
0.18510677761879912
0.18647124712185517
0.18641260905477824
0.18660037010497044
0.1872192689607108
0.1868745039947526
0.18610207542899812
0.1836753308371216
0.18285911672241625
0.18127564127210688
0.18459471223147056
0.18450748541728795
0.1826085613618303
0.180414401354332
0.1836920049120998
0.1844940845218326
0.18397862092044795
0.1813928631648223
0.18378823425750865
0.18481594689145464
0.18429162763562185
0.18217956162324467
0.18097123377730126
0.18018712159147704
0.1831402335973993
0.18211031566283087
0.18207655776472564
0.17941688327996752
0.182684149383749
0.1783045431880931
0.1824271053058213
0.18113265408135384
0.18042720274582502
0.18039114211302515
0.18009580771218414
0.179353252000087
0.18031954416800017
0.17760598627130758
0.1782281196557979
0.17857616078592453
0.17881841734631612
0.1762979395416376
0.1788756378931981
0.1792053795276026
0.17565073270629242
0.17726476944410668
0.17896178484481048
0.1787918513866417
0.17982109655909287
0.1800275795739172
0.18163989811820777
0.1772467309009157
0.17912118946160088
0.17884184113599447
0.17961864760888963
0.180501045971376
0.1789841927780307
0.18030447615757078
0.18050273345059578
0.17767734956123962
0.17902127089378486
0.17778638319021137
0.17714788763171216
0.17884546482024405
0.1772933368904061
0.1758328606309185
0.17814650855734954
0.17587606013028892
0.17435335849786032
0.17424002000456837
0.1743286198772951
0.17248884938341832
0.17560515498532342
0.17418545526331886
0.17527818728423386
0.1766397247822308
0.1763591614905502
0.1727734279298547
0.17354735568188184
0.17299166939149516
0.17252558488875325
0.17522309051508478
0.17218835355846057
0.17558553284260708
0.17070269387831827
0.17357239403750765
0.17264486926549136
0.1721089867320986
0.1730540794339276
0.1732247111205593
0.17426016902677713
0.17077122899921823
0.17187070380479344
0.17268386157451687
0.17475074718641828
0.1722420289124472
0.17049637231261092
0.16890518247451064
0.1707040487576772
0.17197471863803057
0.1723247511350278
0.1700147116601437
0.17168386469291189
0.17174717256956343
0.16813324825547799
0.16813578625832082
0.17367777726822964
0.1725757405688062
0.1732852409923143
0.16869972300404823
0.17040139362430054
0.16893974724884478
0.1674228656408026
0.1705102638323836
0.17081069671778965
0.17283671643486134
0.1737228099105017
0.1733716226400848
0.16921028113800138
0.1708360882042772
0.17064516320126968
0.1717595909488544
0.1721747055278977
0.17189881525657869
0.17130279835207904
0.16972181859352659
0.1695452742766293
0.16698325239185408
0.17094019284177633
0.17181008390710995
0.1701695022212825
0.17160967962272478
0.1685636981369137
0.16830229873819494
0.16692408687857815
0.1682409097024384
0.16930037203460066
0.1686139319365535
0.16506085774342955
0.16518464532735638
0.1678099006276919
0.16815274277784492
0.1656186134866211
0.1666934431210088
0.16669167265077822
0.16458055512906855
0.16838766667141725
0.1684957949828579
0.16870585645674283
0.16646844750817213
0.16436323272405773
0.16234065876642956
0.16285988586827352
0.1649147354964234
0.1665602833861174
0.17000711090027731
0.17106082271179607
0.1665319718471473
0.16489274146560134
0.16508226793561476
0.1659670907910459
0.1663549728120928
0.16694070758597443
0.1683425918098024
0.16780769913394988
0.16548371169272894
0.16678536794161983
0.16592458004749308
0.16525695210344354
0.16474606399958633
0.16684674633960989
0.16751347740793704
0.1701027793855557
0.16764452427115709
0.16687063120549628
0.16503218241951356
0.16653708551043736
0.16542052133467175
0.16550861648777013
0.16652953301952478
0.1670080862539671
0.1654401409665315
0.16102554280465847
0.1652294963110346
0.16492385433545007
0.1643829116740973
0.16450804717534648
0.16368696083280226
0.1628848875264732
0.16227672923274736
0.16651671339179813
0.16765093662452452
0.1662011036289296
0.16433753113870864
0.1628996559634484
0.1643075132110755
0.16078563940048685
0.1588025584421243
0.16021394223668772
0.16109769241725874
0.16069916134096807
0.15895882986279464
0.16023004067812732
0.15950886001283004
0.16177179305496847
0.162138417128841
0.1625292262414182
0.16454682815604438
0.16013120261568217
0.16320063108193134
0.16278969351752107
0.1627268986588526
0.16128116411083235
0.1604192776145594
0.15962367619985993
0.164502146149012
0.15947098668533807
0.15981733291632638
0.1612382702706866
0.15810251309170145
0.16269466418962047
0.16031859006464239
0.15997561757827933
0.16018267797286714
0.16206275682781143
0.15918890942902014
0.16102452719805796
0.1605341989928593
0.16415617091573234
0.16453860428916542
0.16498269408806693
0.16218955214521882
0.16266642579481938
0.16141937457142047
0.16381970416510339
0.16325772514211576
0.16090325955365228
0.160448710879269
0.16117031331516848
0.1612283922298864
0.16331558706278948
0.1609789647912271
0.16207054548407812
0.16143200144753128
0.1598305757758271
0.16190542783389544
0.1581026718185121
0.1607735225821037
0.16201551549613624
0.16200495745488133
0.15777699339658666
0.15768524211352472
0.1584395734371554
0.16158023592926818
0.16015372512023743
0.16291100115315602
0.16220420741876534
0.1578877617015217
0.1617601148819537
0.1567991923934965
0.16093389052394763
0.16281724196693897
0.16200938413842492
0.16266157929777242
0.1596570476262937
0.16251586603792906
0.1595891358767732
0.15973155331900107
0.16161264822899826
0.16347958972268598
0.16048703097434924
0.16050806465031567
0.15937102929415226
0.1598577459587657
0.1582178816749423
0.1597528361545184
0.16213007541358254
0.15830698484847325
0.15946548311229664
0.15988872776106725
0.16090566093723357
0.16175630117512113
0.16029417548741612
0.1613838823792558
0.16054268619356618
0.1623581916984447
0.16090642663584634
0.1599171247098893
0.1623574927963557
0.15977880228517585
0.16222827205625545
0.1593103544914793
0.15836202067734284
0.15714515187461253
0.15776800873690983
0.16366034047680694
0.1582725479710098
0.16082210957974338
0.15889205982727156
0.15685524555877015
0.15901756786950447
0.1612547561755635
0.16078665187431926
0.159622089146027
0.15733504447220906
0.15856060967902927
0.15713823333587643
0.15691983145518978
0.15845231982182384
0.15717696246755292
0.16019408697891654
0.1596779213946364
0.159301077611381
0.15827139681223154
0.1589092640766853
0.159272043572898
0.15964541324583323
0.1578010829730595
0.15998809668280942
0.15975379424709693
0.15952182320845404
0.16072643592226335
0.15871625195383735
0.1615882242190767
0.16110427453376766
0.16014080812458437
0.15769875926036112
0.15704575443003552
0.1571788965962799
0.1582892755696973
0.1562090052287295
0.160471060438631
0.15864620914254138
0.15503788802815646
0.15803881153646582
0.1578681124328869
0.15875733371005277
0.15668892718346322
0.15956606810542576
0.1547419864363839
0.1563023928367016
0.15991106642369585
0.15723916218143394
0.156981730626867
0.15543566974676343
0.158181778483453
0.15396250669529804
0.15531855262129682
0.1577197093322659
0.1563290432804391
0.15666102292134593
0.15720702948375273
0.1575098925047561
0.15544287191941886
0.15810221540474426
0.15866558771857212
0.15947341207384166
0.15872376214888637
0.1574108834183614
0.15597470020147686
0.15914608554469106
0.15841328139313385
0.15651547240599084
0.1570006758807301
0.15433482690769923
0.15351302220348959
0.15445412215962354
0.15282499788839204
0.1522874830429436
0.15215344196880015
0.1529797351389387
0.15514708159353996
0.15562829202558975
0.15595983101538122
0.15465743211957375
0.1521992098113564
0.15296111380194372
0.153250926846367
0.15657612352678418
0.15864698329608412
0.1546945384565786
0.15380375577369415
0.15326942674465907
0.15545632889808045
0.15405162432836217
0.15552581834401027
0.15494233329196813
0.155168555845435
0.15795101761311955
0.15876738321864262
0.15528937152888606
0.15481254043973872
0.15573349301851314
0.15684415794621345
0.15728898271193667
0.15849666109190438
0.15610248910570812
0.15338659028436713
0.15415947247299835
0.15380452468110226
0.1519879763373772
0.1509962121204585
0.15606355709244088
0.15360992185801675
0.15392310745695184
0.15420853831536918
0.1520451555924271
0.15322203075031168
0.1547835467237032
0.15229411382105254
0.15434381900870583
0.1527998396072839
0.1551115375065651
0.15451393041433217
0.1538369735985807
0.15261503768090057
0.15282361635590075
0.1541125291840194
0.15641352180554105
0.1588046213002388
0.1540396109917466
0.1525127825530597
0.15267010574055934
0.152038082494905
0.15080076531198075
0.14996510943237573
0.15220954082452381
0.15299836081514293
0.15378334971358082
0.1517548038417495
0.15145430390500902
0.1516258327397311
0.15405924080841515
0.15694643382024429
0.15371373367636892
0.15338166314082255
0.152767794804105
0.15387539444374032
0.15230088876792947
0.15388517947073935
0.15195663435770748
0.15295447422560854
0.1514876651566248
0.15284009361599465
0.15137537700730153
0.15218491556943387
0.15312634760826083
0.1529960638780399
0.15243851693229363
0.15581342502036388
0.15721494229571312
0.15676453815772146
0.15318968420729864
0.1497149032439743
0.15189674862981922
0.15487269458613367
0.15644494815841148
0.15441977032537565
0.15429769795278675
0.15244807015996698
0.1516586830169241
0.14805590367646984
0.1508124191956438
0.15129850497362454
0.15256674651692081
0.1546652663706542
0.15479734858978642
0.15207064311434493
0.149393534177583
0.14924290885672184
0.151798210880522
0.15110726173801572
0.15373388915267439
0.15420982506560987
0.1509557112509941
0.15104330505293642
0.15089425423555933
0.14945706642662027
0.1497800256211427
0.15306621496400488
0.15433656967883264
0.15332614292012925
0.1522692191910906
0.15104435400815128
0.14968792426954025
0.15106037617671936
0.1513007752717468
0.15067427119557605
0.15110128045447185
0.1510869412028279
0.1513560590329643
0.14988951648400586
0.14959235759060002
0.14917976942865827
0.1472062480137198
0.14732690280532285
0.14958376111195984
0.15023263955725444
0.1493428064404652
0.1485938440280458
0.14983267901577507
0.15118700479436312
0.14973115604190215
0.1515963999070234
0.15246943454844936
0.14852284085692666
0.14696317142238163
0.14724986141827787
0.15025498733359194
0.14687123302681587
0.1495780598581703
0.14959767831442666
0.15031093843875679
0.15081181421759057
0.14914355444004262
0.14860141243273894
0.1494085804279579
0.15076373090790246
0.1501393805225669
0.14935298336934488
0.15295541604505078
0.1497422077592338
0.14726642797063824
0.15069107252027136
0.1486938166073761
0.14894027327900833
0.1481837731487875
0.14832832794950288
0.1498133035743977
0.14778845608417415
0.14790253750333424
0.14752976623106936
0.1497962513205153
0.14511617913753405
0.14648496790647308
0.14760840367922895
0.1447680740480775
0.148775387210269
0.14943439757255267
0.1464502480250563
0.1484314125383177
0.14822298664531827
0.1452280068093997
0.14517369534009547
0.1485889321853721
0.1505540860358338
0.1467350529153918
0.14753368369110884
0.14791992390073103
0.14542331160841468
0.14710719849601542
0.14787334365591964
0.14925151850861687
0.14677042060497622
0.14865297147983517
0.1467933040491992
0.14672078893832893
0.145925503062597
0.14891270895602277
0.14864739226201878
0.1496443829511895
0.15185123724787147
0.148629605459887
0.14502124322847532
0.14448978333369386
0.14829845077087708
0.14513368560133538
0.14603310931348842
0.14776129152239859
0.14615832614569682
0.1475268903817988
0.1479389307995693
0.14544396428288953
0.14949182216143256
0.14923310366862325
0.14446849283026053
0.1486486838476049
0.14697803633996176
0.14736296082587677
0.14688291043952462
0.147803949023238
0.14655269069304563
0.14705443570893992
0.14741349305337623
0.14752983104690387
0.1498689724271654
0.14716564506355986
0.15191143487157197
0.14895078638087975
0.14881085153593893
0.1444712240005722
0.14545660469713356
0.14718248149872618
0.1445326106429298
0.14412651981436853
0.14181467825956315
0.14122298571982028
0.14348231807958797
0.14173478855188373
0.14372609417685556
0.14258275076694926
0.14574392208733083
0.14444981957086322
0.14393531228629736
0.14499872865608093
0.14438496427447817
0.14355241771757424
0.14374236083364064
0.14344442795137116
0.14458359341986954
0.14290961925420714
0.14126723134341737
0.14009092482669236
0.14154031743375803
0.1431799496755889
0.1435027886397033
0.14353068506955075
0.14626145314283198
0.14697406619680004
0.1441604476044877
0.14308048307351176
0.14433477582844403
0.14181788581818489
0.1459849843481966
0.14517609055077593
0.1469304317752384
0.14567506582999767
0.14313293403304014
0.14482677138277483
0.14417163915869252
0.14788688993254537
0.14731823661177357
0.1472708507594655
0.14454277696844695
0.14543041037729235
0.14641684732530388
0.14139265626660688
0.14570790315615856
0.1433457550025806
0.14377212984429813
0.14828542043882695
0.14396532965356268
0.14359736966090822
0.14245174302471456
0.14440897553753115
0.14314283555880378
0.14314546493735442
0.14238535464718322
0.14262517938707686
0.14292392482483193
0.14169778848700346
0.14324661225962
0.13955212933178787
0.14246051436898907
0.14266741360469756
0.14502720123853893
0.13840223548879654
0.14374201231417502
0.14286705222059948
0.14133889229669913
0.13995265008779445
0.1416117457706863
0.14201999343284955
0.14179868455442274
0.143350362207688
0.1394207411442818
0.14098582346858246
0.1409787030590262
0.14243376938091895
0.14124828997279326
0.1437055925641461
0.14321361152754317
0.1445447902261443
0.14215730860332457
0.14514123614610075
0.1459872078748854
0.14457353525276706
0.14519185110969415
0.14239568301124086
0.14280816661666207
0.1446177911375797
0.1455414730289239
0.1411707738702552
0.14433689863320598
0.14319112274328494
0.14311641982790907
0.14316654666450104
0.14165731398547463
0.14196437516241647
0.14006301302145707
0.1436569785969477
0.1432700399784393
0.14466901709947394
0.14214817213832662
0.1431776843987499
0.13946377831996504
0.14258395072901134
0.14189721867019373
0.1419405084752446
0.1430268462118206
0.1447689156488368
0.14637855464295588
0.14274387080008036
0.14261621996711976
0.1428059061123977
0.14478581579522581
0.14493923525087493
0.14775919255475284
0.14711223411205776
0.14564459547468722
0.1449351026251276
0.14610454535614917
0.14733610859342894
0.14371126312425317
0.14505845555347566
0.14593737110792063
0.14447067415449957
0.14847863639508752
0.14201081276904798
0.14216972142453776
0.14329539799835653
0.14216642173269806
0.1432500582379217
0.14335040461723655
0.14063298179862752
0.14272689630699453
0.14406235056099187
0.1429442809741825
0.14080413353407698
0.14526104891616223
0.14645116584877274
0.14208118229701766
0.14331707367534313
0.14407621813780966
0.1435598810638972
0.14498443316173662
0.14307494900171477
0.1480998939502906
0.1464928677288894
0.1466401699761695
0.14923002882031516
0.14386307178086674
0.1429783445599563
0.14986798330347983
0.14067338262960788
0.14874011816570964
0.14335385081209218
0.14131179518143888
0.14593735203697217
0.13921638268254527
0.14433644619595762
0.14234570940189362
0.14651784540243823
0.14248089994994448
0.14659219158913814
0.14302201931219516
0.14141969775830632
0.14343960599849281
0.1392640897520675
0.14166574302483895
0.1414743501384098
0.14171085916965914
0.14226221320372417
0.14726440293073045
0.1440977770086368
0.14219867878367412
0.13903232004144614
0.14283301510668744
0.1471334577136112
0.14587133393288576
0.14459075631993507
0.14633216643481173
0.1428685145787867
0.14304919669612395
0.14698755254672421
0.14473153573836128
0.14522353743721683
0.14657601419418317
0.14414266955042002
0.14563560732190997
0.1466676286881599
0.1383533645506696
0.14281115850158915
0.1433760810243637
0.14256884861634295
0.14313250071090924
0.1428288914276894
0.14203117269046553
0.1427537856969043
0.1429156045885727
0.13886931007785075
0.14322505011081169
0.14116545218601947
0.14010000023766783
0.14244579736065177
0.1413861125812879
0.14006299947823062
0.1437964072530312
0.1434415165886683
0.14751669255859337
0.14383341401794106
0.1446265136804285
0.14392680258858495
0.14600920412817056
0.14393432159902372
0.14195400643547823
0.1417387118324389
0.1405031665177639
0.14371871832988387
0.14399859509077725
0.1445367666099575
0.14331482857547206
0.1418482294873516
0.14041791221150546
0.1447847516738746
0.14201825060412274
0.14447441369072483
0.14258943614126737
0.14188150626527676
0.1399026589107284
0.14227219161155005
0.14256847661595376
0.14372726501271801
0.14490144055639698
0.1439526832593427
0.1432079121420135
0.14369581562129552
0.1432199660831225
0.1431036683172359
0.14481835497429243
0.14387547436052595
0.1443753216473575
0.14470020780219364
0.1462474679814433
0.14582985744834095
0.1437576936639185
0.14484336635619363
0.14401547831828432
0.14476892757040494
0.14382969489516745
0.14602213251463977
0.14503489315514498
0.14642614016673605
0.14508706901930105
0.1473644459901085
0.14830148370588583
0.14231221624241555
0.14575427039953903
0.14186123961799268
0.1439917504333338
0.14730702784044675
0.14468788236603194
0.14432866706971695
0.14310424177772327
0.14273948202823797
0.14282683231952223
0.14593171885981773
0.14497824174193827
0.14256654309258077
0.1434214543392309
0.14628080659174997
0.14702674773768387
0.145209550288141
0.14332117452081927
0.14294457509462208
0.1439863034347655
0.14174904299868937
0.14508183365114424
0.14219340103682496
0.14321438170618345
0.14302490312193247
0.1438160975068836
0.14697457049735693
0.14492788454206806
0.1463667525397556
0.1490739852223248
0.14274832587929134
0.1431716162991533
0.14313074796436218
0.14422458776588007
0.14270034485170047
0.14487014302961507
0.1459166590157004
0.1437143592199031
0.14373876050679124
0.14168934225997196
0.1419840403451516
0.145540250551898
0.1444120256666285
0.14370307535708632
0.14519183804487645
0.14780018284904203
0.14535253055904102
0.14494188503412653
0.14694986143808897
0.14534408779106234
0.14573547926870098
0.1465062753724002
0.14434964848581094
0.14279324490678397
0.14205812820889105
0.1427595973135364
0.14511681975313412
0.14588599963738247
0.14435191712910353
0.1451465559263061
0.14732957528805332
0.14669007673609644
0.14684494036463894
0.14567906635805355
0.14808632537010488
0.14535820340346975
0.14605794738136463
0.1473808964853558
0.14913038098335232
0.1491600762009148
0.14679598974162822
0.14931431530514125
0.1459239748040833
0.14709195657926122
0.14646150676060507
0.14411578263485428
0.14624813883195895
0.14221718297379107
0.1436219935938967
0.14258557388954088
0.1415754617827629
0.14239860210752145
0.14342089981809278
0.14573591039911876
0.14465249370393968
0.14404469467903622
0.1428250684191176
0.1423634677583321
0.1428239481029818
0.14290578154098899
0.14594948545092656
0.1452127217260942
0.1443274770888493
0.14502528977450185
0.1454198568258509
0.14401573710633736
0.14409691163404117
0.14285760121884147
0.14723846855526895
0.1423670535005289
0.1431558203544469
0.14531838066962965
0.14324097443083914
0.14693869440466437
0.1434783131937848
0.1414222462625679
0.1444482440535209
0.14241734365183167
0.1446725063629669
0.1439451390681206
0.14206022210019598
0.1469915724641742
0.1467627255714463
0.14628020912618975
0.14072937743319777
0.14230840983687182
0.1463188354992555
0.1444300030971356
0.1437430560311806
0.14479561835939073
0.1438051643720518
0.14412271072898905
0.14532935338497832
0.14411855803372642
0.14245694331260553
0.1438945763549814
0.14507513580817852
0.14148365418821296
0.14416981578697885
0.14302942228173435
0.14209599604725112
0.14227489347112773
0.1426908918523776
0.1462122519823214
0.1451271588913514
0.14241224760306942
0.14128315127828836
0.14131348521743795
0.14241740544482118
0.14162647007462212
0.14058517089594505
0.1432398310989911
0.14371430306948038
0.1451110797193622
0.143990788641596
0.14506164283538758
0.1446323728154591
0.14423239622183426
0.143263354999221
0.14427709977347913
0.14331862810486595
0.14151388999327913
0.13987213239189417
0.14225345848758944
0.14264153703673912
0.14430125946966704
0.14552636852639514
0.14605906801464086
0.14689422810100677
0.14432866469967606
0.14487989674587512
0.14699088416834474
0.14530435513971438
0.14523184717981433
0.1444370356089653
0.14195931509747575
0.14330619176259
0.14228064618577407
0.1426212645750646
0.14215211562025892
0.14292057738022812
0.1415316973518313
0.14099555255855384
0.14532514786558157
0.14381239782960886
0.14440775843954898
0.14558709079992893
0.1467440004274142
0.14869655685352737
0.146973731688113
0.1462084913864034
0.147977924327019
0.1458837570888577
0.14619847917761578
0.14600957417763105
0.14298476481209574
0.14460552953422856
0.14137688217653172
0.1447146387078867
0.1432272705641579
0.14436369622396858
0.14164684561385435
0.14336382829003683
0.14340299050540603
0.14290863233646864
0.14397351697765295
0.14541194083883913
0.1442839229198639
0.1416564160305907
0.14150685713719494
0.14422346958867205
0.14618766880409803
0.14296758140008367
0.14111529159258027
0.14177742235239418
0.14091027517186525
0.14420349531836754
0.13977050905657157
0.14229981945678205
0.14361767593572003
0.14315969839243192
0.14392815014755594
0.14014386017424105
0.14242122345717434
0.14001020491188132
0.1426883982613198
0.14126921676950252
0.14369054233128564
0.14213562485299724
0.1452519915358085
0.14400988937613418
0.14308096784474464
0.14431218604971682
0.14228811581094408
0.14397044243879487
0.1431238095496804
0.1444839936380793
0.14583409543120013
0.14552881263499573
0.14468533066614991
0.14660394690831655
0.1457500946361096
0.14292479697521335
0.14196188129580747
0.14496313808124092
0.14333746348257403
0.14379289045863905
0.1420303987230542
0.14508438866557946
0.14351912989950524
0.14340209469915374
0.14376592558237142
0.1415105357838059
0.14332756607291267
0.14570264548959833
0.1415067754982837
0.14348385869060012
0.1431277630859031
0.14479162671131005
0.14285584477294044
0.1452332478282368
0.14362780006678807
0.13912791144122555
0.1442980510821893
0.14428224687938576
0.14300348977093888
0.14141961156132818
0.1407096079537628
0.14495072880842766
0.13994774048823921
0.14286459468072885
0.144939983172418
0.13984695826272714
0.1396273702973659
0.14366788123402663
0.14285419562276538
0.14174289519975403
0.1441413866689244
0.14467351993815
0.14350735060711298
0.14525156742556697
0.14076213511957142
0.13864953044076608
0.141087724053165
0.13999692702615082
0.14291697843625487
0.1444204097712633
0.14087951823800618
0.14329527072083417
0.140941515427673
0.14238578576593716
0.14399229811292555
0.13948999024668146
0.14319101632998957
0.1417135580167604
0.1409609751917751
0.14135457053005715
0.1398310457210218
0.14521730567477625
0.14097933611652383
0.13898990951836218
0.14508992239330454
0.14332626168439144
0.14281738377304318
0.14423458068547046
0.14094511451006564
0.14346479998362333
0.1416141467690121
0.143817641137193
0.14410481613076734
0.14054281310253497
0.14327603825459997
0.144802393342733
0.1426627368258162
0.14278637176140677
0.1391197925660741
0.14407547781917393
0.14470765482220319
0.1431334487167851
0.14387472609252994
0.14377084841491267
0.14078150647426813
0.14072899836069136
0.1425981270518376
0.14309931785248559
0.14114357562910057
0.14219064371971943
0.1437143585707653
0.14546469825276437
0.14600577279322555
0.14423038809016958
0.1404803634779013
0.1451481733536486
0.14326849316122012
0.1424990248800392
0.1445423357174747
0.14306395477141562
0.1413526325016983
0.1433999894999049
0.1425537038932636
0.14422171888868313
0.1431090073432204
0.14333842705472122
0.1400963497006427
0.1432845364677951
0.14264726973334446
0.14258239832252012
0.1434391264500213
0.13929156233557113
0.1400900368094569
0.1410830298447229
0.14231200144581202
0.1444157685518021
0.14405810308886613
0.1432565949272305
0.14466860955110442
0.14340135729743286
0.143643187340434
0.14530274683437713
0.14249344323823396
0.1414134640640557
0.14386599503899974
0.14093834871074387
0.14340420333705325
0.14309867993980482
0.1439776607892787
0.14265506675964612
0.14396778179570985
0.1442587145214369
0.14164208683770488
0.14377222241736856
0.1430445014210461
0.1414536254924507
0.14137935138974078
0.14100225860314758
0.13981131058202032
0.14336750397084913
0.14309316308797754
0.14146872949690892
0.14110537087396835
0.14026362669123738
0.13819096292935573
0.1383777680191626
0.14108847641241998
0.14197155094526945
0.14501517689677795
0.14160994609320057
0.14154886526212437
0.14327903230666977
0.14149887399127548
0.13856877259604106
0.14092563004840672
0.14204459449755208
0.1444376347781716
0.14122727684347874
0.14262293745901003
0.14014048116192887
0.14214831488130825
0.14156045681524357
0.14226257409194543
0.1436597461920358
0.14223549946865383
0.1418223672446275
0.14185204593939574
0.1419416672023966
0.1386811626942422
0.14133233435071277
0.1417391110215744
0.14509644049098439
0.14360530522699913
0.14235430247391495
0.14190215143621376
0.14078728840383897
0.14152569216163632
0.14028673694533353
0.13975291074184532
0.14194557808316155
0.14346656609763497
0.14298650575558025
0.1388829061299237
0.1403190351762385
0.14176663162859965
0.1402191269241175
0.14092294303268618
0.14144009055275808
0.14171225544927757
0.14351341794533526
0.1427610430197595
0.14188894309832797
0.1390516215250216
0.14296817726604288
0.14456526145104126
0.14407798970701974
0.14743728644819792
0.1437127048829317
0.14494484671380098
0.14323754712166079
0.1422217251754668
0.14421636682638292
0.14166204601818544
0.14180822422038566
0.1448411645591913
0.1406339263106999
0.14597157952547418
0.14155146724096793
0.14160861534265345
0.1420160783608033
0.14372433514653396
0.14054827120159377
0.1421475860702369
0.14104049889572778
0.14095219580179477
0.1413593747326759
0.142688144039857
0.1418526733456028
0.14262419126421372
0.14252486383039614
0.1425019388043195
0.1411930525622506
0.14042497214532118
0.1411316643875675
0.14192450156161002
0.1460393217018588
0.1445903780153331
0.1443250049869661
0.14449876055116812
0.14521485996364572
0.14390753934786618
0.14135269322017033
0.1422652739483438
0.1437459832443088
0.14234619558316164
0.14187828776133662
0.1426657199902313
0.13865174051285345
0.14344383764074883
0.1436940332808775
0.1429700136790739
0.14549747982644273
0.1424360090467624
0.14305215778036232
0.1428299589081909
0.14139373700949182
0.14171164102649786
0.14172651775745904
0.14147188807851058
0.14255095954437239
0.13987545408158922
0.14369551124430335
0.14106563186400403
0.14194166325892826
0.14217057895347066
0.14129813650616468
0.14317153897611085
0.14153745039310459
0.14419658037881553
0.14318782161401314
0.14346820929243576
0.14394732864711152
0.14184264328264717
0.1425568090961537
0.14272452927960985
0.14350320740846162
0.14335226606950813
0.14422845032656423
0.14254606460993988
0.14270034289044906
0.14117090383416322
0.1431172860250315
0.1406257843706983
0.13890243064701013
0.1409663227946026
0.14239032193406884
0.14164358983438052
0.1386177734174558
0.13916116632467138
0.1382348216439505
0.13903029484287482
0.13942822325140014
0.14093799071997798
0.13962448546860368
0.14250669538000085
0.1439761091552459
0.1434472127626242
0.13988107582999165
0.14099970206671356
0.14291492745131185
0.14111434831910674
0.14269412482572563
0.14425868649827836
0.14334269021154725
0.14479063672861595
0.1424307504647873
0.14230823414911528
0.1424527809145246
0.14278092854432145
0.14318018445438868
0.14038179270498655
0.14178913887335237
0.14350915238447723
0.14181011589335188
0.14072801692164918
0.14119270523836902
0.1427630678987248
0.14199358628283687
0.14194795919516515
0.14095188814756332
0.13848642277887308
0.1408133321400406
0.13887984260564476
0.13660154409623607
0.13796196282085502
0.14263567384546322
0.14158139040435377
0.14183180106374094
0.14241428814066004
0.14174467881945177
0.14115335035416404
0.14257981297641675
0.14213468495978837
0.14241223930547847
0.14231255504352008
0.14034317018775422
0.14169162397930837
0.1424604703848235
0.14171404834166393
0.14166435748181422
0.1407379373941355
0.14296553027104097
0.14050374682959446
0.14226774839829315
0.14050278794157242
0.14237711236214906
0.14327208913554224
0.1392544106357139
0.13859713284631361
0.13864215681218112
0.14117830728396927
0.14279284997121994
0.14186760071742316
0.14089278545147035
0.13932468653563923
0.1406850959400679
0.14157619145238884
0.14180902253511135
0.1435691786193923
0.14263155503511407
0.13931861947220628
0.14461643581284472
0.14194390608884147
0.145032644093282
0.14292665330950996
0.1403364765226278
0.14672822231270813
0.14230212755368393
0.14530349898417874
0.14520967845759322
0.14218675773197206
0.14398641854703045
0.13901589605961295
0.13955060113551088
0.14307775534893868
0.14013139483602635
0.1466830208031551
0.14221867726887266
0.14574223147172072
0.14391572477379483
0.14278513397207676
0.14534812759541996
0.13789713796050027
0.14346973802542828
0.14081616523027302
0.14772752606176667
0.14059770150340026
0.14562422835820668
0.13942171650737253
0.14236074923112618
0.143125589757137
0.1442639860118426
0.1446000567316003
0.1397741159323936
0.14524167776989627
0.13877771291011176
0.14930512776653526
0.14071671015743464
0.1438328880020552
0.14124318201730351
0.14577722898741596
0.14088164222833144
0.14366501585045385
0.14368143215700788
0.14255995447665723
0.14543964587056216
0.14189979914028636
0.14167820933921269
0.14287155743732974
0.14224808571054934
0.14101063682360207
0.1436731940987611
0.14471444767623556
0.14415623246796422
0.14363449244034912
0.14075035000906277
0.14233729626960337
0.14608038630007578
0.1442774392411257
0.14486261720910923
0.14320029972386264
0.1446984764094183
0.14322619345209334
0.14329361067739188
0.14259832299030542
0.14350572909649
0.1436953525092281
0.14326052689116167
0.14228148905843296
0.14303782068449644
0.14165254952396716
0.14169273108223254
0.1429054494776084
0.14448672742089025
0.13990163955583945
0.14505199223904636
0.14580821557659857
0.14135452400184825
0.14331257465250244
0.1468465600499169
0.14201763356383665
0.14286083531713842
0.1458041622867459
0.1451129863032125
0.1472183915454592
0.14606001299338575
0.14619367286963741
0.14332626841031076
0.1439207076272447
0.14261360339894474
0.14511891065391613
0.14478121066758434
0.1450697747174279
0.14457531739757667
0.14290846641698665
0.1431664373006392
0.14348831907636286
0.14289845322763473
0.14312250439053523
0.1410019415748574
0.14477338960483602
0.1447382264928152
0.14220853132201577
0.14054827662230562
0.14527804860469973
0.1417154347154518
0.14240221240548254
0.14163992210806797
0.1422874171108202
0.14255127432750472
0.14085215921859684
0.14108116754686073
0.1435882292111043
0.14274240280789857
0.14162451523701272
0.1452018271470845
0.14479087447971462
0.14373810098515677
0.1434174057977585
0.14330106167940343
0.1399450693608725
0.1425480620017072
0.14327797229567904
0.14377581195709957
0.14319257571119734
0.14418062982245167
0.14302396059316017
0.14125556091170766
0.14335359798765826
0.1417185811060552
0.14314038470900742
0.14166179511345395
0.14377742393321943
0.1413511568808136
0.14058765755345196
0.14081570578724945
0.14240709721729974
0.1403236182104435
0.1426793118238854
0.1441405211246683
0.1421615571969571
0.14340561272865346
0.14378379812358688
0.1401880321346692
0.1409837550874888
0.1409888673689564
0.14180988717911835
0.14189102304932225
0.138690379683008
0.13929412812105232
0.14084052526789032
0.14009829190072892
0.14172482079827253
0.14208644024720185
0.13913063848840326
0.14053502368501092
0.14065242521850577
0.13909174602239532
0.13920454165515248
0.13985869231599735
0.14077597645985215
0.13881956417363556
0.13896736467428494
0.13876232775942698
0.1384508426721158
0.1404834434541114
0.13750243863765343
0.1375012322108701
0.13746929497190222
0.1403962764413987
0.14083758491779483
0.13912114175867188
0.1396757133238371
0.14024747827836606
0.13910360492278326
0.13933937890800613
0.14276037418913118
0.140418303528923
0.141580290777138
0.1404797563954229
0.1389164444128898
0.1408423242894027
0.1386683703212636
0.14119103401931232
0.13699330776780452
0.1403619426990203
0.13920816029117433
0.1386954893924563
0.13921062061507955
0.1390641978507722
0.1385551052081172
0.1416636897295286
0.1439050425285056
0.14001498961301428
0.13856615130093
0.13833302745491696
0.13958245871647984
0.13776744684179348
0.13948431193780964
0.13814870548063063
0.1393596814957518
0.1390194362827403
0.1358597628933372
0.1377877072912901
0.1361188531312381
0.13702135331386034
0.1366687972929306
0.1386957688689295
0.13834075979450253
0.13841940333439134
0.13799390783821958
0.13842320233411798
0.13876288308107326
0.13817521177598202
0.13955327379678042
0.1386540486705861
0.13937346398608022
0.1373804337181743
0.14087015839299893
0.13974259500420716
0.13556017510861917
0.13831234596450023
0.13830354256719793
0.139738638379604
0.13840652554348498
0.1378590164423431
0.13961680050436556
0.13958561408857248
0.13916750202279846
0.1372978011421566
0.13750611721849135
0.1394548943049649
0.13760032645671064
0.13900894016955181
0.13828965389407172
0.13748797913801525
0.13540503492825265
0.13652844013340568
0.13943511038726505
0.13799997252534368
0.1371237146248554
0.13811608783451335
0.1379292103808695
0.13619400803121326
0.1358975435494487
0.13451787592415979
0.1376784483725012
0.13823663691743487
0.13684058651278977
0.13651072535659695
0.13891526246628563
0.13670324922623706
0.13773982457961853
0.13773787395797746
0.1388821497712731
0.140996488797245
0.138472483954554
0.13532216998815555
0.1380703303876252
0.13651003660908934
0.13928800290807014
0.1403521760023092
0.140972886737798
0.1380404484385589
0.13766634325970273
0.14209656296053802
0.1400249504973273
0.1372368345174577
0.13930287382832546
0.13747104253907125
0.13947361034851982
0.14201361562008466
0.1377270622946868
0.13673510692361562
0.13566115002408305
0.14136509486136858
0.13950550702172693
0.13770604162095365
0.13915623304648728
0.1382245624655741
0.1369542834622336
0.13783083100796806
0.13804720353849062
0.13812541378536203
0.13969549533323913
0.13962837717832594
0.13942359506020913
0.13599380751515502
0.13812375419603598
0.13692046282585385
0.13928993717970267
0.13692565425441972
0.13949913607265685
0.13876493896196518
0.1356880016561621
0.13853106015236863
0.1356227988517723
0.13717671718901783
0.13786754203291016
0.13927540626700058
0.13449116154642524
0.1397442589561471
0.14014550260929784
0.1375337491114187
0.13720330564493946
0.13716484427176578
0.1353817760737095
0.1370418665694192
0.13824999558030274
0.13551477531622302
0.13758936577898673
0.14076779767063152
0.13859641082723928
0.13906793104860565
0.13657826644153975
0.1362947517929516
0.13374288239226928
0.13376060803633885
0.13919667835356136
0.13761848633598525
0.13967271316394594
0.13642662690839655
0.13580513339035552
0.13431744078859761
0.13621002515923245
0.13687452276108236
0.13717543365543128
0.13860053905182423
0.1390445531389483
0.1350044202179609
0.13657937776681262
0.13619277140521513
0.13839068286563408
0.13426826134334865
0.13745504147722334
0.1383131853657981
0.13792427565054394
0.13433091464771646
0.13748480627161283
0.13720726149554563
0.13516590033785006
0.13886050280065312
0.13622406456786526
0.13727701669666312
0.13986346919364004
0.13776929897094195
0.1377036763600631
0.13365291818341116
0.13682570366075167
0.13400405149327035
0.13540025968718641
0.13599131540450762
0.1407372887781474
0.13917288748017762
0.13878455401651302
0.13927797603408962
0.13643127778866276
0.1371554871289116
0.13522696450149072
0.13977008055033438
0.13919530207931521
0.13890365938036683
0.13933196847083454
0.13607877937650015
0.13885933179906082
0.13783540709581246
0.13935202187250986
0.13908342828250517
0.14015660828909773
0.1361479726739994
0.13764277846955975
0.13891708138392087
0.13692710160101726
0.13833165236688114
0.13684412279295124
0.13869813481145465
0.13746188280523547
0.13654155016896224
0.13756606041925915
0.13754249563066442
0.13451090312531352
0.135270347444807
0.1387740895482431
0.13726317617100128
0.13458866051329227
0.13654607347287337
0.13455678364182078
0.13798352831890282
0.13834195541596706
0.13715352910364015
0.13703720623114152
0.13816599541874716
0.13939364828160444
0.1381287295272583
0.13899312745083928
0.1354171163342009
0.13630665441515266
0.13683238328169747
0.13551429583429772
0.13642985264788068
0.13901455054314946
0.13767032443055188
0.13689217717103047
0.135497792774049
0.1352396908131901
0.13835483168743007
0.1372165070073038
0.13630099486450792
0.1376102272223465
0.13657857005896104
0.13496796101497796
0.13661646434239177
0.13536529958618054
0.13644880962011227
0.13513906197693068
0.13604398095304274
0.13656549966867493
0.13494542104034582
0.13524091005626176
0.13702346516771252
0.13532202923662986
0.1337498455917523
0.13590985596948063
0.1363570519699086
0.13397144072810385
0.1352482594275734
0.13558365393012523
0.13448464276955402
0.13529281570287593
0.13838080164732586
0.13708595976530824
0.1377391671509666
0.1384718433663739
0.1373465970015391
0.1357663220809311
0.13641140744150534
0.1357271552030269
0.1392197402325167
0.13687764559376606
0.13845065714795265
0.13664986844940658
0.13656356438044867
0.13506078476472655
0.13359085147333358
0.1361732131377043
0.1380810076369666
0.13404299235951084
0.13743690514092397
0.13668656051724928
0.13739838637656163
0.13673211308531827
0.13500159934010192
0.13504232273250108
0.13719803870635353
0.13596855661815035
0.1407757822924267
0.13640129803154658
0.1366426322420513
0.13564744436742163
0.1373916066191792
0.1389165786124415
0.13863987683030818
0.13831149925107986
0.13922705490576506
0.13941876430124517
0.13804791784276862
0.13672552534134325
0.13798214715612966
0.13796759931556934
0.13887294203947498
0.13998441983608925
0.1349332220400065
0.13598430667729608
0.1386118562340439
0.13944776206629364
0.13844133816948817
0.13753685041924818
0.13564999964779928
0.13831126014240816
0.13541650423494286
0.13617169771826196
0.1368393543664603
0.13669626687825767
0.13596207242420366
0.1366563136366479
0.13819141894736522
0.1355150694985984
0.13621351057685002
0.13771063032349137
0.1387942585056934
0.13573516944019995
0.13783481216560609
0.13764985964839685
0.13650260925955804
0.1367630347714917
0.1376560454413731
0.1374674915081519
0.13761544550683494
0.14112619767224996
0.13811190572708246
0.13713420865653692
0.13703087120725635
0.1379329066628744
0.13803576470554663
0.13738620769677976
0.13628295993857786
0.13800377597326913
0.139108393310992
0.13570155220298719
0.13643777261800402
0.1368279553505661
0.1352614061804033
0.137740525803287
0.13860134697986665
0.13527212100618963
0.1373610439910935
0.13857569706046316
0.1358519950946714
0.13684364319677328
0.13683364242110324
0.13694263741386498
0.1363117144343973
0.13845531584047838
0.13841967898750568
0.13446735529533088
0.13607329408616753
0.13890036090577706
0.13712012942596405
0.13623085711923955
0.13659426173231673
0.13754721741199907
0.13697385256973066
0.13602735103967278
0.13511133460045258
0.13757436128869036
0.13584833661803236
0.13457153163544713
0.13572184965309356
0.13360765803923755
0.13688037907883807
0.13609888496108122
0.13293756937123785
0.1357889621286263
0.13788816631404097
0.13670725434972686
0.14077432194158124
0.1401877495330327
0.13829803769997914
0.13904703961655307
0.13717487836814884
0.13605577923459825
0.1366546356370808
0.13588854217728535
0.13777885694294228
0.1378938916327857
0.14193921784931363
0.1383075672267921
0.13923147119783968
0.13457897301777144
0.13561558167676008
0.13805485964714553
0.13897664446470478
0.13637085117555703
0.13719223402840144
0.13782105326515856
0.13689281231660275
0.1366890735085046
0.1377023258126498
0.13512392532133136
0.1370035122908767
0.1361277138615797
0.13415421572132943
0.13566792675034534
0.14120096655796496
0.13393033645922778
0.13784304180553966
0.13546096637451296
0.1342051334417868
0.13609405649166476
0.132802214614973
0.1390907879079623
0.1350269423985184
0.135616097947224
0.13529739879734048
0.13469435866512802
0.1358748758213477
0.13753592759727046
0.13616844188440064
0.1352578909404408
0.1348406132794566
0.13841274402185993
0.1344540228925659
0.13660868232104695
0.13418242384413753
0.135870062850571
0.13425038059103764
0.13603191750195098
0.13801251681374682
0.1374366504823628
0.13885789171557697
0.13698177445811624
0.1381305773749495
0.13675863972593333
0.13697809609819966
0.1380053788701741
0.1381608087320263
0.14040359449268466
0.13971153137553652
0.1410928436976566
0.1407749558077213
0.14139815028709393
0.14198191674831223
0.13969615490791157
0.14148977270165214
0.14379691523694546
0.13984637533664376
0.13957273116224908
0.14054897777301434
0.1396963208584566
0.1415216581637169
0.13972470151220062
0.13872723972107384
0.1396313680463375
0.13942447215561138
0.14130080835435732
0.1370976622526081
0.13822006990546126
0.139725110461311
0.1370537186017847
0.13743023306661
0.1362115569321551
0.13789471091744956
0.13539838112308777
0.1365649527174231
0.1382470881953488
0.13713181992668003
0.13648384693249296
0.13625369556385966
0.13572640130587801
0.1332991956918087
0.13670332645455308
0.1338835626991461
0.13311381375146433
0.13734244784103242
0.13748174416444423
0.1404794193722035
0.13643340265105225
0.1368439707676212
0.1361289916260244
0.13799967203519473
0.13940309577476764
0.13828979387381488
0.14001500116201843
0.13850026343003455
0.1391641824286946
0.1407345474559968
0.13959124940322973
0.13733514476047895
0.13820863626733726
0.13732994843224183
0.13766771110134232
0.1374297705630442
0.13941320822520478
0.1371842213809824
0.14203997011553907
0.13840987937311724
0.13875157788108283
0.1412781477050264
0.14038611264217138
0.13804200394072635
0.1391920404527258
0.13977821782846797
0.13736010187688974
0.13850632244757488
0.138184203605127
0.1414087418552662
0.1417804616500274
0.142069544253763
0.14086986932321927
0.14463785407020802
0.14094984497108584
0.14245858516489063
0.1417533746861146
0.14433412657100148
0.1400391618142187
0.14013373354445954
0.14095351234252557
0.14054102418676642
0.14131087610585116
0.1414632931731283
0.14116949856552471
0.1405208542175731
0.14263532305791746
0.138241605261706
0.13988075937296388
0.13996492405530958
0.13958852400312993
0.13904309987753655
0.14034364214573758
0.13960765102673833
0.13771533911431322
0.13855045626761225
0.13888258403986511
0.1402171549055696
0.1370058614945507
0.13809871474968585
0.13562917316286888
0.13663672556517348
0.13659635571635698
0.13651471266597232
0.13916849480201837
0.13616479864715553
0.13698280963880108
0.13990172068662493
0.13814050485571303
0.14246971309138004
0.14072854747189467
0.13980207129201383
0.14040568426613176
0.1404549550823243
0.13952850860701924
0.1414605672389613
0.14144864773557425
0.1403587349904199
0.143517023708544
0.14527203570159417
0.14171006063109545
0.13948274331453558
0.1415365825468269
0.14013299325725614
0.14255833811377785
0.14079945272970837
0.13852902010569146
0.14003168181588957
0.14172194256948628
0.14073625966999848
0.13932896403376915
0.13825670108082158
0.14042239147949487
0.14274882887918147
0.1398444854520032
0.14040619211480823
0.1413032618413929
0.13915528029236568
0.14319803607190143
0.14170661132729315
0.14487721824731303
0.1409336742395518
0.14013286732371694
0.142002142521743
0.1423482096513866
0.14000689252717521
0.14273693972268786
0.14031480304153013
0.14269371403405084
0.1415116730903512
0.139992741130914
0.14036114202495317
0.1395477566136234
0.14020929205969263
0.1395721272615668
0.14050227081436384
0.13938589671198134
0.14017280310961144
0.1403087142968359
0.14042905281564275
0.1384975871757191
0.14203066605428327
0.13903819484038532
0.1413255187677108
0.14197123345302226
0.14062966263360746
0.13959024091783034
0.1400694334733887
0.1393584053488044
0.1410183925824553
0.1412621955067767
0.14105439140446538
0.14033144650795348
0.14267086943130816
0.13756687690931288
0.13813817821214736
0.1438356886415564
0.14221835715781492
0.14086210439336752
0.1427328838569524
0.13895384312867456
0.1410786920126155
0.14078606871068763
0.14134175687465803
0.14352150982234405
0.14213915639804736
0.142105295174668
0.13902521622771755
0.1405129062319709
0.13985003995898568
0.14223009190579305
0.14205925905193603
0.14169797711157472
0.14041863937008173
0.14115486549437228
0.14028817665877483
0.1403299378783493
0.14152684538621685
0.13873427978090117
0.14047853381078726
0.14162524816704633
0.1420941938585481
0.14225430611194043
0.14137867382310146
0.14296067237100035
0.14019713807965672
0.13962317822266765
0.14260217682826196
0.13878259925703598
0.14108276501596045
0.13703924885734584
0.1369074627804819
0.1410096546984323
0.14234170268508034
0.1431951845230916
0.14087970442643555
0.13852273545968774
0.14157630193484907
0.13962361330451661
0.13779130050949004
0.14122297382921012
0.139794114583668
0.13836916700319932
0.1419309470268255
0.14330796547308863
0.13889628648135224
0.14253593978538226
0.13834953385123627
0.1402650184220705
0.14135976619369434
0.14140145691110328
0.14288298488197368
0.14028334109157062
0.13929433875313055
0.14430458727740084
0.14163820314426892
0.14023432730229718
0.1404201033092522
0.1413552573418355
0.14193630266970605
0.1406060354907418
0.14101687013219374
0.1388523280896933
0.14319823933297965
0.14301797033518948
0.14054780336019398
0.1431277081175828
0.1433521555457766
0.14166943993501516
0.14295690563656246
0.1447346282713993
0.14377062963314455
0.1406006803775459
0.1448152670207857
0.1423466642861101
0.1437878092070671
0.14168461410187747
0.1417867840445417
0.1395201470313863
0.14119900715085157
0.14252115539890758
0.14226256108599566
0.14294921817982437
0.14144795752995123
0.14233769192298407
0.14061461335417247
0.1399827074228476
0.14158832962052892
0.14025518289558528
0.142687695092147
0.1422094803485939
0.1390595072290569
0.14102048052216712
0.14167989204135586
0.14652044796025168
0.1408555936815466
0.1402974342506561
0.14491939171447163
0.1436311897017117
0.14345849030520486
0.14243008772471455
0.1429610073513844
0.1438337000504329
0.14622592226236503
0.1444084509721427
0.1448336710492682
0.14340557792501202
0.1444849556979193
0.14066011793498326
0.1422192071779097
0.14128915797342528
0.144456272586566
0.14035261912695554
0.14355851369368186
0.14381016370604344
0.14233332875137253
0.14166239658161975
0.14623443915651585
0.14278584907521816
0.14352132359437172
0.14171510436123191
0.14244574704105956
0.1418374349422423
0.14108041691198098
0.14018071813660146
0.1419905551607227
0.14079023742448663
0.14474983053688953
0.1424100304914441
0.14265403404736995
0.14349606715264915
0.1438388550237801
0.14430653985724196
0.145531727434049
0.14353393454978544
0.14397425933249375
0.14288987753684576
0.14743109837508095
0.14628182103400036
0.14289959047750364
0.1446129832576045
0.14351804696088094
0.1428357989935083
0.14267198855191618
0.14287039243065475
0.1416268531124815
0.14133751818073048
0.14291890634831889
0.1443753590172806
0.14210653757262745
0.1440757368232107
0.14047591893150702
0.14016967970220792
0.14358340147524246
0.14197962710037662
0.14080001238488704
0.1427968318342601
0.14363221463050135
0.14303547260775146
0.14119935313783163
0.1425683729006326
0.14123241135566328
0.14171940066142658
0.1414809751329831
0.14359824324322437
0.14473901519982463
0.14483421372019847
0.14640944391343633
0.1463711968834341
0.143896573397345
0.14358205728635356
0.14202094985015368
0.14543167739774968
0.14370144209728408
0.1436843136614648
0.14685057270962215
0.14597512286488845
0.14518373741730517
0.14256915398093245
0.14694622066174412
0.14732318448783407
0.1490480466054522
0.14403133932059078
0.1449582301038374
0.1491521449124559
0.14557705027240705
0.14420591386773446
0.14423732415417526
0.14272320107768335
0.14311015889090364
0.14430954086556813
0.14671325789940878
0.14513352072573382
0.14749322137486123
0.14684405560255487
0.14510689894780754
0.14578352693766713
0.14357117347351858
0.14734269954258405
0.147484357585187
0.14696730055239818
0.1462248018444996
0.14756813190874385
0.14565671900993266
0.14761545772224563
0.1454146857251861
0.143637366118406
0.1448736647977244
0.14488003422176715
0.14338294466174814
0.14397019523304003
0.1448472162806162
0.1422873447710118
0.1416601016595309
0.1400370229361179
0.14585785214712585
0.14314904445116958
0.14419917048740413
0.14201382407992033
0.14178410709818287
0.14168789966503037
0.1434695452278009
0.14131753461989913
0.14312518465786842
0.14140137971967146
0.14470702013145392
0.14565264292968594
0.1429133213045836
0.14217098885069232
0.14412774932006794
0.14320535600331202
0.1436427095540509
0.14456834710853408
0.14644587774631165
0.14655935952141685
0.14734831824246544
0.14587705129967007
0.1429032995335123
0.14286813769948575
0.14482676429710614
0.14382043072206774
0.14235355702318278
0.14196103389690454
0.14526765277511564
0.14377760496308653
0.14212391085864157
0.145811757340948
0.14025632727750337
0.14154492265896457
0.14246072064690352
0.1406265991276806
0.13967140035804415
0.14436364129543358
0.14423895360974714
0.14339920329504044
0.14283814447455492
0.14615675819451038
0.14643270560421734
0.14196685189988656
0.1436549835273016
0.1442886725832833
0.1456153874754066
0.1450482581604295
0.14829077526421663
0.14290968301031645
0.1408698479106194
0.14250405530643598
0.14011174849911268
0.13798799331160252
0.14140458554773214
0.14231733739563954
0.14245669391704768
0.1435823092753524
0.14001995903932898
0.14125784061202967
0.13943380426514984
0.14302916431809473
0.1428515612095335
0.140739767887008
0.14062865661958576
0.1429938262942733
0.14126838238545508
0.14098135824194513
0.1427263694812104
0.14180708907291972
0.14340495145802126
0.14400774944247158
0.14131870076555425
0.14023496394185075
0.14116106765123232
0.14093763394183575
0.14096695193696276
0.1425667930593999
0.14460211155682487
0.14563147555983624
0.1420302230198225
0.14464788970631687
0.14289126164266416
0.14434178529599673
0.1447959731481381
0.14311945154922237
0.14326568534088163
0.1421332514794069
0.14327555056219374
0.14337245241282456
0.13855577885220963
0.14306158571300728
0.14557382193938395
0.1455002989708719
0.14407837799029474
0.14373387876347765
0.14234101680984315
0.14087956470236174
0.14196783496014306
0.14270784251825155
0.14190299020195152
0.14610519877163525
0.1425388881884433
0.14331237535084532
0.13890891123383456
0.14160010647837878
0.14270994191196426
0.14207193445102112
0.1420214766651763
0.14169237785051172
0.14299370472874245
0.14244879401858299
0.14292353525463083
0.13852510660239029
0.14131455798370848
0.14250047464828686
0.14136729998472908
0.14246770827125754
0.14073160621746517
0.1414753427753842
0.1390146045653831
0.14135355889554832
0.1422293769600252
0.13961207499181316
0.1426400448824365
0.14194732826680986
0.1415113523688531
0.1424574512705224
0.1416623650814342
0.13967851227208858
0.14235477202395472
0.1440754427456748
0.14186506076163577
0.13934568463328234
0.14229189489522137
0.1436986404643835
0.14044744442160637
0.14111692316204227
0.14351720452518374
0.14368426756304267
0.14129743070989872
0.14230840754244348
0.14338406581528826
0.14284085456914894
0.14152674508230867
0.14272933965946877
0.1434268556857675
0.1430459668564525
0.14210127774004724
0.1422861406684067
0.14107996637484213
0.14495359055128176
0.14447711267881755
0.14404794400561738
0.14618533834937178
0.14509174716868345
0.1442489453185591
0.14340216983780152
0.14263587638182001
0.14573122198738772
0.14414211931398857
0.14600926706326736
0.14720959982362403
0.14543975715988644
0.14073022462507084
0.14361925731663835
0.14181466345831426
0.14412069416438852
0.14497515966072144
0.1437493654414322
0.14464301456749418
0.1431342859157905
0.1442274040850994
0.14184639389716203
0.1432530159300562
0.14134083524373706
0.14573381426754115
0.14268743487617735
0.14572275538606777
0.1427756816859948
0.14242359334198698
0.14380837489016043
0.14233136505110455
0.1424671730657309
0.14296176529598584
0.1445008025059355
0.1434819171300692
0.1426517828721868
0.14451579568407322
0.14188422159174377
0.1423878717813288
0.1468593230361746
0.14450391988262312
0.1443077850683223
0.14484967979211602
0.1461556833100525
0.14453485619023568
0.14417219154722774
0.1432991883861728
0.14314374243754138
0.14366993434859326
0.14471701272248233
0.14276246464201522
0.14401542120563102
0.14333384994797246
0.14092626058606364
0.141163469596155
0.14439361538351697
0.1452107654841899
0.14559613619779366
0.14384983110293442
0.14125717027762408
0.1457966136538178
0.13969012746385467
0.14226037705322941
0.14299626378096603
0.14390268731685826
0.14435056006203512
0.1428426749853927
0.14222464182939734
0.14314610785526047
0.1405310031822613
0.1402824614967361
0.14209851152306516
0.1406012121823838
0.14101543080177506
0.13930223058498808
0.1416663564393929
0.13916397584525148
0.14101171817883582
0.14461810496988745
0.14214817935751525
0.14274861800720426
0.14275978126777808
0.1424502022754072
0.1423845336833926
0.1427604705767379
0.1410600164307788
0.14336747685800494
0.13981928310353
0.1422167192012293
0.14064199691486803
0.1418780885270883
0.1408361869217474
0.1407489180058339
0.14022252899011192
0.1418045740195346
0.14130584391525594
0.14124741979947278
0.14186824416567018
0.1393703798959913
0.14251667270775792
0.14284977312448577
0.14247255886163518
0.13868859142520712
0.13708818336240258
0.14033504904895583
0.1408606308086272
0.14154955563477967
0.13858187327902075
0.14435114817267317
0.14192422899091228
0.14057268230847045
0.14271884010468322
0.14269074224250167
0.13994068058857534
0.14225230251876064
0.14270550775221302
0.1430703060845167
0.14010965711586154
0.1438726881123884
0.14085786208333592
0.14132912600362324
0.1442194555284363
0.14321887306579223
0.14080194278063846
0.13612808564464113
0.13683166604089556
0.13819737112141217
0.14032077373515905
0.14183367093591656
0.14427697142217039
0.1413371488799734
0.14312992356316606
0.14095906087228155
0.13760762879652114
0.14198363593118457
0.1439409127656762
0.1460393175496369
0.1429622743967116
0.143187239366877
0.14275226824865003
0.13978590070355507
0.14021453282310833
0.14154946731999302
0.13992219548129456
0.14253580332113486
0.1439445431417147
0.14180107109358425
0.144112008006611
0.14175866695077086
0.14087823588196868
0.14104701088331603
0.1425743739783807
0.14476508125638118
0.14227126201923226
0.14345908727522616
0.14380682705182476
0.14032805018492966
0.14012715703418524
0.1383560298844019
0.14027275832189176
0.14080016643322874
0.14310185904411404
0.14672096442905433
0.1433356866658851
0.1437151134077515
0.1423436056192814
0.1412627393501193
0.14329505989345342
0.14166569725735556
0.14514335154802047
0.1446937405204409
0.14475754975898467
0.14277967600659244
0.14302699720947606
0.14100415513419542
0.14268845852034845
0.1436635165770889
0.14391622228903078
0.1447549309732296
0.14496726969326368
0.1402356298490957
0.14384299244590892
0.1440997360594075
0.14219859874472232
0.14463681530518036
0.14524804186758766
0.14276648416340848
0.14349761119169932
0.1411436484449606
0.14152024923664777
0.14221357038387866
0.14204446347218347
0.14169061255657708
0.14225376441990098
0.14479316745841503
0.14175929542835045
0.1424926583602886
0.14455130106617844
0.14330411227932308
0.14372693928265998
0.1425969092178941
0.13979183025515562
0.14266706572877222
0.14419361821059115
0.14206329759416655
0.13985259449784448
0.1434293826187302
0.14261814638475562
0.14301797327053273
0.14078602133195564
0.14284434603828858
0.14319104065303553
0.13937118581564753
0.1391862986023
0.14383746122749355
0.14240540913245608
0.14242318646434604
0.14329143910450556
0.14296940553164061
0.1406669466356456
0.14150890226994797
0.14259573193581734
0.14619621898183532
0.14153897295612203
0.14282903055113566
0.14352381322246227
0.14288658696730086
0.1407219398684044
0.1405529324939867
0.14169806500461393
0.1419734075871639
0.1422456803283078
0.14639250582689034
0.13948069500396323
0.1408869509052639
0.1403694795343248
0.14355485871685447
0.14355961690523253
0.1433310492658209
0.14445496837990432
0.14070746070276638
0.1440267941661387
0.14133047225750564
0.14297763466071825
0.14360576483995852
0.14269033623559474
0.14235019802291024
0.14467770646255587
0.14422514113749102
0.1409528444216389
0.14145315745776124
0.14349648886657776
0.14106011596431117
0.14025030849781153
0.14340190343696313
0.1401050458861313
0.1410538448839079
0.13930008150788392
0.1409785582494811
0.14278787795807266
0.14491355566466418
0.1433728250383721
0.14474196942905565
0.14297206887634617
0.14399600407381616
0.14363130780488453
0.1427512446263691
0.14240920737710122
0.1438051137712735
0.14456318652713532
0.14321595559797587
0.14174325620355985
0.14003853949554976
0.14062091839644353
0.14031020542432365
0.14433143374269747
0.14421662320550996
0.1431887702309081
0.14003750269873316
0.13941676356391144
0.13905147202497312
0.1366970329430081
0.13942065995665084
0.1424167315067582
0.14016231771156348
0.14178955645277144
0.14172609253220086
0.14291416077226615
0.1428906155106572
0.1418028762400817
0.1431014255192325
0.1432379274795214
0.1430217806862115
0.14199408527679583
0.140968010464853
0.1409538375322594
0.13764520419387527
0.1425935441738186
0.14020747271713394
0.13983115780473312
0.14190676946218378
0.14211165213326488
0.1429205212443169
0.1407805889067199
0.14410586844124182
0.14092110167907432
0.13942728975240884
0.14190781988405815
0.1421481924833121
0.1425934531253803
0.14072143172284957
0.14341457129537977
0.14114319899094435
0.14313557836676585
0.1400764957638155
0.14239440295325193
0.14175711219714254
0.14114828434743099
0.1418558800451029
0.1426668881940211
0.14121524494108348
0.1417303799423905
0.1434127583553618
0.14229643263595446
0.13972560041971677
0.1409969744479407
0.14117730969501746
0.14123621901789157
0.14068517496126046
0.14008114778081981
0.1415708049434999
0.14248418657544712
0.14010884645509147
0.14245723833006915
0.1413045096405855
0.1400193127607061
0.14174576740878428
0.1441405441009227
0.1413703339116467
0.1432418201193024
0.1431105745713747
0.14202874962198808
0.13927693324062387
0.1381558181248506
0.14019192638931569
0.14111634184596655
0.14382694559690917
0.13868642936371628
0.14106764525750037
0.1407285015101034
0.13903022103199925
0.13867166455925695
0.13783549779029422
0.1410557139357698
0.143479027659647
0.1427488243044829
0.1426982878111906
0.13937901372605585
0.13908884136487193
0.13794291430861372
0.13976513260978707
0.13873316722528672
0.141858616796624
0.14252807460632694
0.13992986400655374
0.14101223454040127
0.1381130209230819
0.13924807844523415
0.13925295867115497
0.14175973569004208
0.14248980808108286
0.1423115646407325
0.14152845298559716
0.14358483163162258
0.14280580550921826
0.138977451436954
0.13873616528844784
0.1418497105696803
0.14168624767496438
0.142556578416916
0.14300132944935495
0.13926866072376518
0.1407075867850526
0.14212513383958106
0.14362435135158533
0.14267082725568847
0.1408311637145897
0.14029232680777204
0.14245558456539018
0.138865038575063
0.1426964453951077
0.14440987597240354
0.1432187236817667
0.14218066658759163
0.14296610385059957
0.14212955919443535
0.1396389874048392
0.14223349670371196
0.14334360623895015
0.14201688798816148
0.14236660528769335
0.14033123011987697
0.14144317403432397
0.13902570719881277
0.14221217323169483
0.14023073459199883
0.14286941851913898
0.1403707738487018
0.14214356753380397
0.14197149870530382
0.14237993366516374
0.1419159334106586
0.1392119114077204
0.1417451342641316
0.14031832611724812
0.13858283233141436
0.14162755232681384
0.14091148474190535
0.14132479462501793
0.14106991223342252
0.13928683114700643
0.13827313573923777
0.1406359051993659
0.14060702441604866
0.14251152620502877
0.14180955890885968
0.1419340602673776
0.13973237475594677
0.14044307500168507
0.13929960612585374
0.14159092439523074
0.14082545756049364
0.1390319559127168
0.14334917788072776
0.14128037564590698
0.13925951583907137
0.1402557745432006
0.14227864132429968
0.1401807603959095
0.1393992042449421
0.14004049137962934
0.14155239145480192
0.141860622223578
0.14148536096325068
0.14090554901007324
0.13982848711901077
0.14025696104578378
0.14214665019389894
0.1430563955577555
0.1419387240300751
0.1413186653379291
0.14096201655742538
0.14452479904217833
0.14254362007933996
0.1418467487184004
0.13944987541803955
0.14326393042522498
0.1388449550405317
0.13977144971882333
0.13948005157742152
0.14188418071648243
0.14242677965481274
0.14104318929405824
0.14107364327375135
0.14218946996294038
0.14064437776518793
0.14145092410416218
0.1404962098929064
0.13903874771828298
0.1392790455004907
0.14035654670110412
0.14121628619333768
0.1406705893285585
0.14336434312094584
0.14320818096658983
0.1445829776491915
0.14330927621238013
0.1438446109113202
0.1423461326669644
0.14144217820354443
0.14204582264926563
0.1428059283234795
0.14257867088582848
0.14051520771847367
0.14278064878789093
0.13921833436674197
0.14262236969453732
0.14183433032390105
0.13967749606800325
0.1431494770715226
0.14307373392235878
0.14432965860521682
0.1408619288885779
0.14274149468645603
0.14437685197548927
0.14426758142209922
0.14216893432194525
0.1438039738434655
0.14144144575393414
0.14323420233879552
0.14395341600072573
0.14134707049104303
0.14182141244822793
0.14223157557077198
0.14351041318179933
0.14352857276503422
0.14528782780358687
0.14494034651156837
0.1438042673949314
0.1436765090744411
0.14430151677545994
0.14650869867656108
0.14120049372162388
0.14351088837502846
0.14443695261210052
0.14418663378280738
0.14491990284313347
0.1460221451857309
0.14309309441528922
0.1432593125175518
0.1449507953138317
0.1435701529823869
0.14256414122937927
0.14437238253184037
0.1467064793794793
0.14631301807583705
0.1449515055252852
0.14462328133073254
0.1436186599297682
0.14403685802028773
0.1431969355037031
0.1440359159604104
0.1441966996363255
0.1436542107320701
0.14337650612765562
0.14015477517204486
0.14356664082598045
0.1429535409091893
0.14281731170167353
0.1445517908006337
0.14510259664975453
0.14363213311710427
0.139143541450845
0.14145526228265923
0.14102034082731899
0.14179104768814318
0.14409841600135567
0.14264767717081178
0.14334318092961934
0.14392087032710937
0.14131105512415557
0.13725455583302004
0.13984231835729527
0.14137855526785167
0.14222963998177607
0.14278909231212114
0.1462418870450237
0.14055991783753652
0.1420974308882523
0.14521774519602912
0.14354908655361226
0.14274656013740802
0.14052491329392167
0.14266622905754242
0.14196111527458108
0.14153644951321195
0.14086546708913233
0.14199829364127536
0.14444628994466788
0.1426266550176538
0.1415806344046967
0.14148967347036973
0.14138841502972777
0.14299476652078807
0.14215966615371334
0.14282369020367827
0.14278383279531953
0.1411115739941866
0.14011074509181481
0.14037910192520564
0.14019494604802912
0.14120696320547574
0.14155753757007525
0.14018867952096453
0.14290452356941485
0.145995460412643
0.14416654332316484
0.14194738796414405
0.1430962243134351
0.14188016918515112
0.14322097017959398
0.14448961697007837
0.14250697894741893
0.14095532216608805
0.14219326457188075
0.14072948294576584
0.14118487007172648
0.14188703735385766
0.1430527032966287
0.14251723085625723
0.14118588709976793
0.14056541387646526
0.14369231216308406
0.13972002694409558
0.14187062394532685
0.14217006679901145
0.14254492944805025
0.14170135321850424
0.14326178347319823
0.13866844880980472
0.14194309374486966
0.14013093581081665
0.1422090326231346
0.1428544786092331
0.14549517187242342
0.1444559719645844
0.14273097924982506
0.14177156038380145
0.1412443455844647
0.14116154965162042
0.1434152368582671
0.14363785702047993
0.14191998238576833
0.14049518233894465
0.1397066561504273
0.13938241119843028
0.1434529578096105
0.14181733401713953
0.14264380548687067
0.13977337463045417
0.1420913581279806
0.14184075105691735
0.14116784711744226
0.14413317845966722
0.14331119233737025
0.140995849861879
0.14160670044533444
0.13897270776469914
0.14201122444125988
0.14080759456572986
0.14174479300983783
0.14158801675967894
0.14415663337555956
0.14097574617965158
0.14175545311636917
0.14022105267592366
0.14236452332930852
0.14352918005982898
0.14067495499760904
0.14288106432029937
0.14281458341431083
0.1439206418342195
0.1462940320537954
0.1442617629774465
0.14077805463095128
0.14260599251043404
0.14090528108907704
0.14165186228763368
0.14369373495959853
0.14345616027752864
0.1452991900943298
0.14492465065301408
0.1443705686958372
0.1439183201530351
0.14371394636772766
0.14496886531066472
0.14301577402922216
0.14637098581256114
0.143876289194443
0.14321430722898237
0.14229484911986745
0.14135799916591743
0.1438962010475379
0.14260975324963224
0.14376136760228453
0.1430513530340985
0.1418460925669675
0.14107574384175023
0.14048833311521922
0.1434736568872068
0.14352854319103364
0.14322221864089993
0.1401001380756785
0.1406990684073514
0.1429614740386564
0.1429525324326762
0.1432406677847709
0.14342046953423088
0.1462772113449643
0.142485621108386
0.14297473652141068
0.14063963614523764
0.1423588209686562
0.14249011710687406
0.1448784970814763
0.14464806265984795
0.14179349784624626
0.1436006754511691
0.14007966464875138
0.1414585587784727
0.1408300607687895
0.14241471316709547
0.14285900871090126
0.1401178696606666
0.1405485746505034
0.14207056797229217
0.14430567788948445
0.14587236038939966
0.14285823237168968
0.14146895535558415
0.1405850792103921
0.14294051228494775
0.1437773815414853
0.1433574777252892
0.14378172522341842
0.14213664295423606
0.14628512515033654
0.14349533879386486
0.14270142255519153
0.146028454720009
0.14468022261774527
0.14471730334749872
0.14254597102241787
0.14526900063274023
0.1423875364353683
0.1406374046873295
0.14414309821777033
0.14414899997680047
0.14339607307049562
0.1427576783593315
0.14441976800443698
0.14621451352535733
0.141888066334127
0.14184345433842097
0.14293968221798156
0.14444792070275198
0.14164755307188379
0.14117509807971287
0.14489260547047308
0.1404633539928898
0.14401425530362214
0.1434234692439336
0.1426571381562983
0.14111770368198331
0.1428453821639907
0.14268411446566517
0.14291115766160653
0.1428904777529335
0.1440752259373015
0.14383904667782044
0.14365143318076753
0.14312007242165886
0.14408311273899346
0.14390135799582604
0.14420260502407678
0.1417714863550341
0.14236973685049337
0.14295544614032024
0.14181675337934796
0.142722973608791
0.14101298399455603
0.14082512224788188
0.1438608290413422
0.14247947595482052
0.14212986758135285
0.14116578558881349
0.14352023265543967
0.14471822259971517
0.14283606187827283
0.14293328147943649
0.1409396087868778
0.14145446043259324
0.14362806583212526
0.1430686807073012
0.1413864305076935
0.14204319655900288
0.1394459487327838
0.14123640165363338
0.14003261772580436
0.1381388989119367
0.1393902760693849
0.14230603737829597
0.1440059332810907
0.14202656900017377
0.1421209039589792
0.14031828655876466
0.1391575114943899
0.13959592282594102
0.1389313552159056
0.14333226509272837
0.1434113592252972
0.14431922020866264
0.14329385058681332
0.14333224068516973
0.14109511798257635
0.14150935649571164
0.14364336388502308
0.14331927892500615
0.1445228628591812
0.14239371034350481
0.1442695823541174
0.14434722512780546
0.14401837030501807
0.143190391204574
0.1440110918062369
0.14256526500494854
0.14108152550494488
0.14570964389605826
0.146563020092125
0.14079274707490275
0.14499366564203273
0.1423514042050876
0.14043519956166758
0.13879668695846625
0.14017698462620534
0.14329589549722052
0.14264157922101922
0.14367264476986194
0.14263980648947455
0.14119122860678696
0.13965179185001933
0.13932886404470401
0.14242016066434765
0.141936247787688
0.14494572944547673
0.1439598325129838
0.1432061953877046
0.14190039565501772
0.144231298910922
0.14167470877623853
0.14070316897559682
0.14298075479816538
0.1446865072799537
0.14534862555632824
0.14296917105922832
0.143451772920632
0.1420847261382987
0.14068806135948891
0.14238819620677354
0.1418034671319171
0.14470375057578325
0.14311828149883243
0.14514691510621122
0.14416506803167703
0.1421772151404156
0.14176162131956707
0.14416911876477534
0.1452255625632501
0.14594288644946815
0.1415754778170846
0.14058129549785656
0.1408382097776864
0.1423844521109138
0.14273190791782264
0.14234788611786206
0.141751174033015
0.14218717884577323
0.14337927902815364
0.14146969085004657
0.14141918288450472
0.1440553299791302
0.14344908087112265
0.14350095633594692
0.14389368360908322
0.1435695061152614
0.1443849062311064
0.1409510114010215
0.14329940257106966
0.14339708265642678
0.14230271123709462
0.14260005862047137
0.14300427532444826
0.14032307039498182
0.14396128409472547
0.14351909349833958
0.14345554281059955
0.14176356362775777
0.14322342551267092
0.14680955440675103
0.14362960260648364
0.14474343669209142
0.14479916545609173
0.14521915497422322
0.1456279457464205
0.14392953971675812
0.143804937317138
0.14004036491879449
0.1448895843451828
0.14550699786647045
0.1435708547535715
0.14508475335777524
0.14549238682623972
0.14219168428079063
0.1426822992185866
0.14693616338025847
0.14251207870036264
0.1454340614104523
0.14388705332252588
0.14524350352905316
0.14390114762421785
0.14107762880460303
0.14263041586611408
0.14421043547908396
0.1445704661609982
0.1442240311579273
0.14493621488300482
0.14453377300901013
0.14507452051622932
0.14471628975664755
0.14430612579012309
0.14237022567998592
0.14553633990253328
0.14504619068189992
0.14482170729571361
0.14200851887897564
0.1432180762044356
0.14180614963366228
0.14152164146410223
0.1433247766587577
0.14303977099049894
0.14420340798200226
0.14425284764670027
0.14421665048215218
0.14566066666989014
0.14246019043566116
0.14131758864195512
0.14335002358163587
0.1392123626294596
0.143529672740197
0.1422343361390529
0.14499335305155225
0.14523519445338257
0.14171529449877648
0.1399962853058469
0.14001741788123895
0.14509724536063084
0.1445569415707463
0.14427681300352097
0.14345256989286387
0.14285420280627512
0.14061181534719494
0.14114781397837273
0.14075036790486858
0.14038734998662267
0.14264401476977032
0.14391437547788852
0.14157382780995786
0.1450971380949432
0.1427253922992042
0.14016900715886296
0.1391468112539421
0.14304555370562239
0.14523021162759994
0.14770538916246517
0.1465712864606346
0.142240385414667
0.14166603376325432
0.14238000715916901
0.14248118029492057
0.14534921412145743
0.14547431259957314
0.14340168029741826
0.14329717303600917
0.14544139024876457
0.14185093701077137
0.14008294490027529
0.13912194006950251
0.14259495012878995
0.1445618323037911
0.14439391775052934
0.1455256410339661
0.14356274118120255
0.14294015637161958
0.14280924122009936
0.1425384889484157
0.14034407388619308
0.14283755470622483
0.14664994284447325
0.14444449167615822
0.14248814563740417
0.14164233184964453
0.14048613057526718
0.14068825399023
0.1405208061961779
0.14210910144065902
0.14021798356923898
0.1415570420898364
0.14447585644329386
0.14138305490874983
0.14282531063965134
0.1405464496093523
0.14109928043071976
0.1413025886414502
0.14463487417164753
0.14031989880724388
0.14349151923807546
0.1399216166468121
0.14169025547884456
0.14303444612054003
0.13760253665708794
0.1417721575477769
0.13857459007600284
0.14172692477012086
0.1413911832627733
0.1432696369154896
0.14043234383887085
0.13923395936260813
0.14114747766904276
0.14308932366908436
0.1425582271926573
0.14641256015669107
0.14383225972079844
0.14255616504751362
0.14026534354525272
0.14210860241291454
0.1436435661912168
0.14302293424075113
0.1407389731186292
0.1443178799643476
0.14250853228459062
0.14431578198296213
0.1407769529257632
0.14019849254176972
0.14022618278425736
0.14214608566803744
0.1430036549278067
0.1436585235040849
0.1429803269958111
0.1396701348517912
0.14335984612383504
0.1368820682826199
0.14047555677380696
0.13972213094752803
0.14083160301361977
0.14170338983849573
0.14380305036881305
0.14227568577956123
0.1419355372772513
0.1428001595321354
0.14307176006203393
0.1399054764347985
0.13966490783770208
0.14286323926644354
0.14136012949582763
0.1427317050819969
0.13854323224048362
0.14062531070603518
0.14279545269297533
0.1419551032773096
0.14062401055246349
0.1405841114762391
0.1415099982766528
0.14091119377075056
0.14069198962614535
0.1405730964225717
0.140451982637887
0.13877332318500374
0.1417170534509694
0.14365418832744048
0.14381089025410054
0.14596348286488933
0.14129082572089757
0.14193839835819516
0.14185034423406154
0.14186512290478598
0.14123812660849344
0.1443960115816435
0.14182122420709525
0.1403698869372619
0.14058117328393593
0.1414479677528017
0.13968714252892
0.14108952851845089
0.1401371019571902
0.14155025512109404
0.14126757639286103
0.14130988099320765
0.1388067525194674
0.13891521903851056
0.1399572791143723
0.1425690537559839
0.13857938361624406
0.14087561495670015
0.1395507990131374
0.13988983986015496
0.14231208185800684
0.14174045030991442
0.14164792749083235
0.1424717475675322
0.1392945254976798
0.13884066397457095
0.14064623943470325
0.1372395316185195
0.13958293669972935
0.14312385452498735
0.1434730440471849
0.14125582706759923
0.14105487299777214
0.1386847073139607
0.13845933563922777
0.13786527247326405
0.13861507419375202
0.1393307725289609
0.1432093540824718
0.13961739530267014
0.1404586094721401
0.14133553954467637
0.14199176538348973
0.13929204913075027
0.14145183556466878
0.14174329898425994
0.14420775468105257
0.1399318906307185
0.14240371043662106
0.14220996404357444
0.13933960319680644
0.13757962365278364
0.14089901271791208
0.14100118974630976
0.14019423536327902
0.14284891205363268
0.1402789116947558
0.1411107089278285
0.14080108298976965
0.1409427594795115
0.14136769560325219
0.14115063683013904
0.14106314360192404
0.14282436037076174
0.14085116075473236
0.14051262970581446
0.14044775063459738
0.13987982089081713
0.14060630409252228
0.139703066230658
0.14161373888324263
0.14319577868187924
0.14213490089949044
0.13715291840534738
0.14199310831133743
0.1387286929289663
0.13954823783548254
0.14118814909363855
0.14116840685411086
0.14283212312803178
0.1420735849112892
0.13967433253026504
0.14332311543827952
0.13936115153828646
0.13917550974843418
0.14156551136709364
0.1447913480478129
0.14591979590547519
0.1429961380856527
0.1403145490628478
0.14042087973006576
0.13943454993714993
0.13961699461313398
0.14298610754789087
0.14472915530126537
0.14330345639931039
0.14012586279973435
0.14088998226408558
0.14104772234207333
0.13815771253982226
0.13800631173475864
0.14173986793111085
0.13955254680856924
0.1435264332382827
0.1450395364318439
0.1439237739377827
0.13939823117820185
0.14241455540633952
0.13976999344727056
0.14114198479698273
0.14238250342113953
0.1420719876390193
0.14221383124824066
0.14126784373681073
0.14090308010101807
0.14159732585871496
0.14221557998922374
0.14127444770918163
0.13905518532601205
0.14444060023085215
0.1440415700623007
0.14285901469695758
0.14524911458399328
0.1415662085779438
0.1406699241539638
0.1414405991944361
0.14042216194442883
0.13894189378330662
0.14207635850811798
0.14069586761126576
0.13966546858802237
0.14069177976034708
0.14147255772523856
0.13888212223060523
0.14227187030946084
0.14135183556933587
0.14269660622201433
0.14002669081991695
0.14600054640696783
0.14365272368484322
0.1397671580627166
0.14354725213293495
0.14356811880125156
0.1404870358996224
0.14126829510558322
0.1408042398740315
0.14146706241792714
0.14339285917642533
0.1408169791065569
0.1413124976051056
0.14029478884343236
0.14314851298782186
0.14094543685098393
0.14210030074562707
0.14086320841282238
0.1417624920656853
0.1422614505483784
0.14119547444532587
0.14365039020515166
0.14276635532527449
0.14144084389583234
0.14174594280646485
0.14192552884606666
0.1401315922263904
0.14319722541347094
0.1446192872912423
0.14248876085840206
0.14358662962129456
0.14301373946443496
0.14187537746692044
0.1461590684672187
0.14470937417868882
0.1419469624147081
0.1423879084716888
0.1444421235163477
0.14237718247223383
0.14273672164372453
0.1433671877263174
0.14416532773756785
0.1424883178297142
0.14083301220588385
0.14304708141209316
0.1413426493482411
0.1435448372171134
0.14392739491544287
0.14322647103556815
0.14318973024305004
0.14339211457064888
0.13958607357038652
0.14086471607748355
0.14043772784592048
0.141030952831501
0.14314726008205306
0.14341579075081207
0.14435065721893958
0.1409418171473817
0.14159844292264917
0.13988674225704728
0.14015064380363318
0.14040790899738623
0.14383108411833542
0.1445394759439385
0.14230443583167296
0.13830813685281063
0.1382219452166618
0.13940729837112578
0.14043772452450498
0.13835340669384216
0.14068056093340592
0.14145557829497324
0.1439602995264449
0.14446092972560004
0.14344745078928928
0.14089939354003764
0.14294237896622583
0.14206439950228222
0.14352417364674397
0.14420037511304043
0.14318576234664301
0.14411779290286064
0.14295662209151055
0.1427015644178898
0.14410580143800503
0.1432740943119053
0.14594328543215204
0.14704383302174667
0.14337944527034757
0.14405806909045177
0.14145837456100077
0.1453739391919585
0.14540102750247938
0.1441450780101245
0.14442388996894512
0.1446373664546447
0.147717632811401
0.14417592512919622
0.14285966608722384
0.1469756124168154
0.1460749316060168
0.14474004990127703
0.1446520518202562
0.14369598896332558
0.14604411339373996
0.14500463901744293
0.1475855761375409
0.14258449498328427
0.14607429561802782
0.14438889760081416
0.14784992214979356
0.1464504738452593
0.14702236868548582
0.14384513018267947
0.14535258318841177
0.1460385089287853
0.14723345890540923
0.14416980834547852
0.14467178081030133
0.14479453702149644
0.14509357856510727
0.14441191584630272
0.14068206690825621
0.14389641110221968
0.14406791922880055
0.14542732333853298
0.1447587080632848
0.14524683158647836
0.14489511488924156
0.14536890924720922
0.14240738709726472
0.1437955845055873
0.14209517428705282
0.14592295979205894
0.1504334553032136
0.14815218817145465
0.14691535810217832
0.14528540511163676
0.1447373625840739
0.142261441039752
0.14312274350040521
0.1463338793481225
0.14260009002255652
0.1464582316778613
0.14572654846891786
0.14250939748507144
0.14432900792427955
0.1424832279205175
0.14704393231148852
0.1438164355760957
0.14382087343112088
0.14470466507888094
0.14448638833735028
0.14495370854239042
0.14384103681644245
0.13821653080635146
0.14168483764110473
0.14480610584418196
0.1449742067526313
0.14561019737090286
0.1455792758643942
0.1465005667481964
0.1445221837850214
0.14540963719433614
0.14515175393238208
0.1438889542974112
0.14536407026926157
0.14676569563777228
0.14687636682016486
0.14583980508914057
0.14495921604593723
0.14376938355485697
0.14242079986940717
0.14412456792420952
0.14444120928862964
0.1447359439234419
0.14504647207167307
0.14713812923625533
0.14423077984405422
0.14583380959059827
0.1445320037991364
0.14484843838077377
0.1463320099223483
0.1454344561228075
0.14754459039905643
0.14757932348290828
0.14342945492456516
0.14614240872896606
0.1482544925647431
0.15012754938682993
0.14903190449509474
0.14966621747413972
0.1480986748489257
0.1478550208045352
0.14658732722992135
0.14763319419805682
0.14590067846757712
0.1459905437936884
0.14871417411487756
0.14865101365218186
0.15016189935841048
0.14840310862410558
0.14546177847630568
0.1473542676302409
0.14776678518993688
0.14681022501878788
0.14755434688497804
0.14689018625475933
0.1484060469089642
0.14802285163093093
0.14722543576064964
0.15015164129310454
0.14515412261888194
0.14393836078627167
0.14646831848582498
0.14459028338526098
0.1447593207234586
0.14605459447871486
0.14503998571106738
0.14315837096964526
0.14547748147200762
0.14425741219328592
0.1441044513323251
0.14497363017852716
0.14684236706442938
0.14885119091490848
0.1450144126367795
0.14727651284598198
0.14675290649739445
0.14550220526331048
0.1475333501350993
0.1454704242264232
0.1455213240838181
0.14690004282972408
0.14537015134785977
0.14941237390948253
0.1463319318254352
0.14733444226293851
0.14755391716890714
0.1490767368368709
0.14570899094763146
0.15071944958083866
0.14636586010675362
0.1483948092398041
0.14890524116112117
0.14745692948935943
0.14862123994667978
0.1480428435939721
0.14994445710624593
0.14861478625892363
0.14810571330974762
0.15017290591616742
0.14686528662170195
0.14748776949040962
0.14916912393248852
0.1495835388785628
0.14698987292719357
0.14936768051121102
0.1488726688638165
0.15026915660998486
0.15140960716562926
0.1486743672090865
0.1495932910591383
0.14796958028928003
0.14988339728762917
0.1499998264369754
0.14993036904069573
0.14774260937788655
0.1487046395849288
0.14697564817348968
0.14650915841424764
0.1501253486554568
0.14779889194895002
0.1491786278375742
0.1481527924656951
0.1510657366951978
0.14819683340171144
0.14912739034642475
0.1466542087608244
0.1495975280246608
0.1469891021155892
0.14888284868761828
0.14804353855179395
0.1472263124223285
0.15112197933027569
0.1492195973900654
0.14929513659952157
0.14874901855259426
0.1487811635324699
0.14902664745511834
0.14811083927146915
0.1477878040088467
0.149843600077227
0.14633434983528554
0.148465806406692
0.15149328571836462
0.1495263325255273
0.14953511572339653
0.14616008779681955
0.14744636386475002
0.1479497937609203
0.14887847587576492
0.15211772672173088
0.14885959573054486
0.1494461819355046
0.15020993289574022
0.15096275812391385
0.14940193408439217
0.14732421950916982
0.14653929758840012
0.1481876829726122
0.14885983387661256
0.14869719239603896
0.1482783653420336
0.149118264904794
0.1491724094366041
0.14969513593692457
0.14927489571465127
0.14966246471040118
0.15123269365513825
0.14941968201901495
0.14887279095522649
0.1504676404763896
0.14990352354375006
0.1528086546344001
0.14947309708884451
0.14802077538487377
0.14984801331128958
0.1497046958723648
0.14883506412233108
0.14813292492221034
0.14704002379789824
0.15075441201974077
0.15186600867052633
0.1471853987267251
0.14941132119757594
0.14517072022862518
0.14912354624101234
0.1483560273652237
0.14751314218979047
0.1496483203824847
0.14933632354810847
0.14875055970189632
0.1494120102064745
0.14514309059262692
0.1478800408265621
0.1511247776096145
0.1488056951450789
0.15043010183697275
0.1494847282058454
0.14782961675116635
0.15036956100730028
0.15177690966837484
0.1556263914775178
0.14911670232245153
0.14921181817238408
0.14729699266109597
0.14695717890456178
0.14966374504266397
0.1489067789184675
0.14964703067110896
0.14719511500830923
0.1498438099920613
0.1485877791486027
0.14849947027616986
0.14905775266673565
0.15048899786221379
0.1500161735692285
0.1488203651566862
0.1496942081929944
0.1483430339540639
0.1487640402101091
0.14740201937975259
0.1470666295193745
0.1460584075797692
0.15123222545260256
0.1513924240377456
0.15144631761759014
0.1511629439794517
0.15043755439942993
0.15118933219789524
0.15147115974782197
0.150486762121615
0.15218364684410968
0.15074371434351705
0.15477107975908538
0.15269307585111683
0.15130114923257773
0.15003034456920294
0.15012913055030508
0.1476291733207435
0.14640023922422085
0.1497094991348067
0.1497873068659078
0.1484621600765329
0.14779469515704802
0.1487515134002356
0.14719515271865505
0.1487678279699012
0.1497620909463689
0.14942781595365026
0.14844719700518008
0.14831092851903968
0.15007125566188537
0.15011955652511327
0.14706342595612681
0.146943035106843
0.14940956572465802
0.14909590379927992
0.15021892815865023
0.14997225354873817
0.1523710482706533
0.1534330197699862
0.1520249810812197
0.152675161659098
0.14740380055428992
0.14965441376256383
0.14865158474892542
0.14872934366368437
0.149179204731449
0.15074653078392833
0.14928200880718537
0.14803364961562565
0.14728899957926136
0.14731885498663388
0.14760069039272117
0.1490163852179799
0.1499228147289096
0.1496308642304462
0.15007254286717053
0.1510697905375295
0.15089002132587906
0.1496266164665443
0.15091913861083556
0.14959300304714193
0.14936596720476286
0.14974910054754098
0.14800947768419448
0.14817413428889456
0.14911795616417856
0.14931705655546892
0.15370133076680792
0.1501854605578064
0.15290008272624545
0.15122625713121798
0.14987285851824916
0.15238017850023514
0.1483477915871699
0.14801457168310148
0.1498964544660596
0.15046800948114022
0.151142989748947
0.15121629521596702
0.14892741185775912
0.14760093962927354
0.1483819980950068
0.14614802612528344
0.1486342275531351
0.15069296195234552
0.15030310222414556
0.15002127964879702
0.14628688644364718
0.1471904277589345
0.14657513555249388
0.14616028981089002
0.14761822483239218
0.14641372586354784
0.14794705124375024
0.1468790633792345
0.1463659621934612
0.14676205114030685
0.14610566499350458
0.14780790771052973
0.14735579065684148
0.15100757960981076
0.14955159807318685
0.15113780747644123
0.1492920703191836
0.14807344469375183
0.14696230017371606
0.1485720657109741
0.15078932840642573
0.14927488342382736
0.14786885045669543
0.14848480761899988
0.1485732474395323
0.14809999095723664
0.14921910005160588
0.14913790130899973
0.1491651263204215
0.14963863911957279
0.14788421543031335
0.14798621861808456
0.14628568890255175
0.1470794166460115
0.14691393126313665
0.14725006521062156
0.14609984035911155
0.14682961393497207
0.1498458030788118
0.14888278435638352
0.14907214536074892
0.14566810194665783
0.1461177020695834
0.1472623992963206
0.14692491149194417
0.14636349743289268
0.14841081425583982
0.14467809539317444
0.14586519678735788
0.14868289893435305
0.14600191731714196
0.14831814382185746
0.14921492924123528
0.15016144138148288
0.14636632486096
0.1466467232868136
0.14894715620330634
0.1483261867944826
0.14582627230164527
0.14988214289879967
0.1485523511624495
0.14790494329219664
0.1456566572034709
0.1485127795778334
0.1470341146741911
0.14305314012116474
0.1451868817892915
0.1485174737746334
0.1445818268629044
0.14456226983838183
0.1433991957051228
0.14459096386012896
0.1437352050901204
0.14400614209600748
0.14466618551738009
0.1439064933663707
0.1444796930231361
0.14568356647394037
0.14273946645145766
0.141762687842984
0.14420345865866505
0.14610789530342633
0.14608127142996588
0.14399263706421603
0.14323758815346496
0.1449282380414726
0.14533736758600138
0.14524191060765304
0.1449423961907402
0.1453977026536858
0.1479017714482142
0.14649582161469848
0.14404932475562957
0.1459960277328482
0.1466164316404219
0.14742905861739355
0.14566733150578387
0.14583115341053537
0.14702285632258272
0.14732447881744454
0.1491666972554844
0.1452461520433629
0.14900099914598378
0.1472917713445765
0.1483823998451647
0.14660989468660435
0.14331113700542972
0.14638339566790493
0.14646400702731466
0.14797834009808158
0.14749481159285266
0.14534821221145414
0.1454134410110283
0.1462919228751064
0.14596921547610706
0.1460741783191874
0.14538848545705468
0.14820920451558334
0.15023809522329565
0.14415321381476315
0.14695891828342042
0.14544619308725032
0.1471687812155887
0.14997711479953235
0.1475696577855397
0.14412365524224138
0.14784016150658166
0.1489228756022577
0.14540040417932315
0.14506384417988868
0.14701957322781964
0.14839627056106552
0.14653645662699194
0.1479775287287522
0.1451667763822285
0.144276091064902
0.1445944762983115
0.14543784309993407
0.1459562818697604
0.1460106433224576
0.1478404178065041
0.14677229122662663
0.1479135085710495
0.14631622127912217
0.14480644310532428
0.14185208792001663
0.14459687658737813
0.14608865996914763
0.14804212143092946
0.14598345117396078
0.1468993487069936
0.14440723354672796
0.14645007348395536
0.1463999810402321
0.14655768796653312
0.14824950455791114
0.14664820139126702
0.14729143882416507
0.14746703423299043
0.14573572145298272
0.14618888012386255
0.14593648382674332
0.14778169679131886
0.14766290757002473
0.14671239152536403
0.14581448638369754
0.14564974496196126
0.14790148539861978
0.146748848256392
0.14813344112686933
0.14685175442113488
0.1481169850896451
0.14860037228649092
0.14448057988814744
0.14584314320682168
0.15029566337480527
0.1452797554314021
0.14778791289868262
0.14834164285838153
0.14615031759925154
0.14700991631206656
0.14730952462779665
0.1483164688159701
0.14557416126697556
0.1459246237005758
0.14447199371698455
0.1454945681884529
0.14381157257885177
0.14651115420244726
0.14759373709209878
0.14532127689987792
0.14594775311142102
0.14865458182029814
0.14558379828895399
0.14824683680732703
0.1475057704009418
0.14554965939692213
0.1485699952563444
0.14617680583034498
0.14969857161386904
0.14860196582817276
0.14718117218701304
0.14903216657019
0.1478986751237929
0.1480478745864192
0.1501856568467823
0.14945648706815576
0.15147590566175578
0.1509640564726627
0.14987542553644717
0.14806501152940674
0.14614093253075547
0.14892191162102691
0.14938961875689305
0.1499601624608689
0.14793391218298726
0.14932209907506672
0.1475829312576623
0.14783157409804426
0.1468231235372032
0.1486720119387504
0.14912867318729256
0.1473077773560723
0.14708696223544548
0.149729460498062
0.1456732678940208
0.14882126846768384
0.14958149884786426
0.15020549737783523
0.14750716600643718
0.14780580751136707
0.14839155304114432
0.15108378377908657
0.14926818821160026
0.14976112821413898
0.1486378931985284
0.14942812238920616
0.14986325328476774
0.15145248187232335
0.15274133867913692
0.15145842957617256
0.15256242252792612
0.15036426480504514
0.15011345115988572
0.14905189224076787
0.15193492616012855
0.14972559841199654
0.14975886073881722
0.15149916829216864
0.1479663941738592
0.1488752559478883
0.15173191549052842
0.15030187171731133
0.1517339263019162
0.15088132112266706
0.15128189906853454
0.1522901600555219
0.15050779344570384
0.14925785143164863
0.1516342599236717
0.15135746269249503
0.15098459065049366
0.1531005621748998
0.1511446934047278
0.14952773110877626
0.15198979757707312
0.14942180896148421
0.15164003039236376
0.14783893300661097
0.1492611038361424
0.14841143876442173
0.14775119248608817
0.1497917871525809
0.1523095476956628
0.15057644960915118
0.15010922482068775
0.14907969198637808
0.14987289182005195
0.15066270776214563
0.14993813099177553
0.15069204974096473
0.15070072599830686
0.15350957081361727
0.1512556712215668
0.15254864809177485
0.15026963495263326
0.15222105692581595
0.14923878965807866
0.1506349975437216
0.1506510441550295
0.15035001007423324
0.15124408284705962
0.15129849264165698
0.15371681320826644
0.15618767422744198
0.1520245239099094
0.1508385258930407
0.15206308040466945
0.14858497881940064
0.15218807160295236
0.15132448465644757
0.15229456170926017
0.157326608078114
0.15358797578677208
0.1530583540264505
0.15121949994629208
0.1524544875317001
0.15096142227350984
0.15075070831413193
0.15406277949484784
0.1510313452131864
0.15087949618961594
0.15006226377329762
0.15397735852049646
0.15217651377086003
0.15340173423354556
0.1542664371956121
0.15101857848198322
0.15030546855512839
0.14757871915831672
0.14602375515068786
0.14866666561584344
0.15081801275643614
0.15439207912071862
0.15469445573654161
0.1465435397760333
0.15173619223707283
0.15214471416836486
0.15075817782460552
0.153432281023392
0.15065420631351759
0.15128103994752215
0.15018883066725414
0.15229567187827228
0.1506289368119435
0.1507465421296229
0.15338086707490206
0.15118143486196559
0.14887117461977392
0.1525692924644326
0.1525061586316275
0.15171587221046873
0.14921007191902116
0.15296018584198368
0.15050848549294382
0.15188248754961983
0.15433900896120398
0.14996101452984195
0.15183614376626947
0.15477895768193173
0.15218221187829686
0.15407030590958157
0.15240448603754111
0.155705628031444
0.15305128691381045
0.15070196965296548
0.153043304108554
0.15169874878250542
0.15020379932132902
0.15418066456084337
0.15361364721622298
0.15381398204912738
0.1518913729103475
0.15054570786347238
0.15129586457364794
0.15272066930556794
0.15422483000705678
0.15402604426860056
0.15148411014270696
0.15170693629234544
0.15364387833751383
0.15201598212197923
0.15266986926062515
0.15137155023847848
0.15186976472602376
0.15138066618292714
0.1556021420914622
0.15725623264828587
0.15117648305585077
0.15390376517609933
0.1545707173456606
0.15218755975190937
0.15341646856132377
0.15377489025484853
0.15629888058346958
0.155182969220575
0.15443005618910371
0.15411240488758052
0.1546612413234043
0.15437457671929916
0.15444897085309447
0.1545823311302335
0.15195129861708628
0.1580134377882201
0.15581021997753958
0.15492851393326182
0.1509144795551419
0.1565556579286036
0.1533136128171365
0.15635779575754033
0.1575038986855852
0.1546460877970319
0.1529515746254873
0.15543473205236688
0.1521755414850655
0.15651465939723513
0.1545608321667843
0.15666846728961964
0.15674150504579393
0.156876793531892
0.15624293482021664
0.1548129151575499
0.15259841456386744
0.15379812936934056
0.15346037510907393
0.15418995415376488
0.15526978727869026
0.1549455589963787
0.15460036969335741
0.1528972655836324
0.1546935189767768
0.15414942566119647
0.15645453113778104
0.15399878638238698
0.1565370626805683
0.15212890084432001
0.155193624686502
0.1530328009808307
0.1514492041499347
0.15097760504273872
0.15400304611427224
0.15672027836921026
0.1540770704679593
0.152046755162095
0.154466609672885
0.1513428285119188
0.15383481410809408
0.15368112013034835
0.15402310195067526
0.15285112307486132
0.15282392167982772
0.15331508536548602
0.1500422138360366
0.1549552034971699
0.15193346653577922
0.15301564405420498
0.15098427233880418
0.15334583790819153
0.15400851975381252
0.15305757964359348
0.15150148217672738
0.15197995599403488
0.1508900139066679
0.1515628125847689
0.15709744305901102
0.1535267372575658
0.15503279192245129
0.15250163686417756
0.15288511882644493
0.15179413469973557
0.1504797328417611
0.15215128505118364
0.15199266857089952
0.1542972486238288
0.1538244025249606
0.15146731979583472
0.15409350713147782
0.15517550458841978
0.1553241039298137
0.15399928181411005
0.15517777146984604
0.15266285056902143
0.15512528102324227
0.151579245544725
0.15537788113871176
0.15100209449476706
0.15363948285528592
0.153769853912322
0.1533799522985193
0.15336253766233515
0.14982795909022245
0.15273572831324192
0.1525498467158671
0.152243144278177
0.15160874036982908
0.14798839736712083
0.14880611539500932
0.15112985271535112
0.15226789470019347
0.14971465337248685
0.14858832275857645
0.1509658456749326
0.15094447407421474
0.15075926537624734
0.15434227679165188
0.1545875049482341
0.15490944684259297
0.15401915360220242
0.15180527303099767
0.15295007885598733
0.15139221062150934
0.15435607590804254
0.1511409180957497
0.1542055821369245
0.1523254964994356
0.15632692816133498
0.15436400794776006
0.15289690600092426
0.15580872869907272
0.15429190625518405
0.15397210250022422
0.15542454889111276
0.15220289859812283
0.15220523692533441
0.1529913691858021
0.15394775332426347
0.15263734346545751
0.15158563302648764
0.15061634150598013
0.15057737171085953
0.15214470190498589
0.14935375197504194
0.15462791590385608
0.15014528880260214
0.15203185167882347
0.15391504510976853
0.15226893930387314
0.1522541296669469
0.15405813446653116
0.15354197330699154
0.1517830281265024
0.15195170904171118
0.15355900541031303
0.15132212747901655
0.15632885778844333
0.1531574156012209
0.15182708916910478
0.15100687224287132
0.15256769918850868
0.154400684818887
0.15283186456765713
0.15566273215384327
0.15079618941654382
0.14893206364955022
0.1499465133522469
0.14972242536442792
0.14883712869583762
0.146724238945761
0.15031413495661092
0.15132906379070274
0.14760387292015123
0.1524103923054307
0.15301738742109275
0.14812953396498255
0.15018043429241623
0.1522224468891213
0.14948509069179725
0.15311242100976546
0.15245926137436636
0.15209015923092783
0.1524942768149552
0.15224350530287115
0.15041053168948437
nan
