6.604601624686709
6.956333876482512
7.429062954315657
7.598404368427687
7.810772570614058
8.148331159245416
8.361677597403029
8.48574041069515
8.943798968757982
8.995559617277607
9.147346633986086
9.31830389180064
9.600147143353075
9.725386991500056
9.91064008885618
10.35914798783606
10.300893575317739
10.717663507085518
10.844983366502271
10.893691378519588
10.995713763929265
11.111271967030023
11.614684485036513
11.528716893590742
11.776371095648049
11.960625742264597
12.115496279673494
11.921747051930405
12.441223903029247
12.686818138605698
12.789804870791745
12.768437558027898
13.309139433809076
13.311001348335346
13.508992066595047
13.334504961350685
13.423011150485726
13.676421278079012
13.843651906568649
13.977515265098107
14.180857200592659
14.48611952625432
14.460431242773138
14.537320809627024
14.798214760052524
15.240540521521268
14.82811798076962
14.886490263119645
15.41127688773545
15.427995016380224
15.569198513701664
15.359343700644388
15.735583019582704
16.022741855606956
16.229452816370557
16.30721339572712
16.494797362994895
16.278259354266286
16.84599801172586
16.482343226562136
16.71364289121158
16.730780831675215
17.15522553875042
17.27573654648939
17.506871500870528
17.600224050723266
17.29213557955901
17.931480394948093
17.597341842645342
17.920733206839685
18.289384714797194
18.377477368546998
18.18221195991512
18.46434891680048
18.930188848077467
18.510707211495856
18.734035466623304
19.188958548820416
18.891008032052156
19.36355452489958
19.08188536092734
19.49475105935199
19.695609963352027
19.59546728262172
19.933358725721657
19.82551131615353
20.01373290578908
20.139731798425853
19.79254170111645
20.35439239289348
20.291211213445223
20.47685768700653
20.565415899548015
20.252117544725284
20.759859113079415
21.29501014168742
20.867434332850888
20.720273071152317
21.081074681900358
21.34120245816119
21.205881001759742
21.799682995445856
21.899291489179706
21.93579143890334
22.175744513178884
21.460253530960372
22.355120532725692
22.650764397397577
22.433824620429423
22.876430757820298
22.132492802286734
21.85297228587825
22.421532031748377
21.81737646116405
22.51565318092479
22.08167429809499
22.37956425213416
22.835073342148945
23.105827035229286
23.26500840388163
22.906838998056585
23.35583711778853
24.2912864334396
23.74923396560228
23.916947471513385
23.4787741636176
24.81188074448257
24.18596346538015
23.750760378160557
24.24338486057051
24.57301024016215
24.441678026102892
24.79392575799832
25.609581263579024
24.962548030709964
24.78157195299684
25.15952551967917
24.859185547291013
24.249506641385896
26.20453114052596
24.69245724523585
25.40402815497974
25.20693965373591
25.181942266279812
25.491084477579964
25.776884932820685
25.303913438671778
24.858036374936137
26.11653528690096
26.046553164679363
26.77759117989509
26.408218711894385
25.88705792330247
26.554025048859348
26.746920369274303
26.91454022163217
26.693192914240228
27.240146673447605
27.298471905685872
26.835938026852237
26.998782800583786
26.505576743858388
27.09167658399214
27.00965494076696
26.730267897021147
27.033793502997863
27.04776610990626
26.933367294810086
27.254733928061565
27.3401130891282
26.97278918058083
27.625996998754935
27.68509022531512
27.42767176957439
28.253945822077025
28.201354021727667
27.39925816378572
27.527268651934786
27.97785058782787
27.643062361875888
28.67546097953686
29.078810395697076
28.922415904589013
28.657366453464924
28.565879795791556
27.603047262471186
27.90461031006225
29.085483561745587
29.32151104838418
28.368582943915
28.36099679672931
27.94879321579749
28.17393713794353
27.60502273359462
28.210557970174577
28.7638730941256
29.39139077723153
29.18470842931451
28.759163457725336
28.77725930434337
28.719375925045583
28.529811995947558
28.635178461119615
28.873376043511705
29.641374501159405
29.906580901311436
30.43134164027092
29.34684966102683
29.374603952762147
29.98870623886225
30.72257384639603
29.63599353676243
29.378871409835913
29.543727014607615
30.39202292864309
29.60496755001145
29.27663218840095
29.443456242243276
30.130108430888942
30.533803443303945
30.800126814822388
29.81483926795377
30.153026242591476
30.16420832074668
31.065144907928616
29.963894912478956
31.453949253389784
30.04839406522135
30.479405966848955
30.71821444008275
30.730496960787658
30.83136787593064
31.08719151772704
30.7549055988807
31.701864145914886
31.480929701660415
31.358337960905505
31.273429288742886
32.17403477309403
31.253424367682197
31.138516276857697
32.41156999806227
31.824027399826768
31.223342646928756
31.28272356449623
30.925641466101
30.85474168840726
30.309411271383976
31.83050524346399
31.167794441393017
31.26523775757535
30.995393599921613
30.6930858538594
31.21552512103784
30.760046176773784
30.6925119711101
31.676403444290074
31.202596009443443
31.637562065333327
31.86603610970916
31.263970806781085
31.81377255364781
32.34446087225183
31.509779907745216
32.328573628533334
32.89571763281388
32.93852712822956
32.90505462428765
33.61073035236793
32.428396807055265
32.959166781665836
32.54949490929351
32.049646316284836
32.15170063176236
33.500099734681385
33.20198113397387
33.4156274706668
33.59641855376504
32.56996771289113
33.72814476374794
32.43564512842685
34.317785102288774
33.19240284757338
33.55000948968433
33.759258920835016
33.39152986274934
33.32577888714314
32.93091046230956
34.29024531576347
33.8529320270838
33.534859902109915
32.7462759532651
33.70712680384148
34.400892832909946
35.052100624386284
34.31724034339762
33.811994123560154
33.674773248388504
34.59608803148318
33.92665466212591
33.90164780372253
35.37470225639527
35.37363430507725
33.15213446692584
33.57689314015623
33.30250105000054
35.137532555557556
34.43925240486119
35.037758895747345
35.675531970796065
34.39528776016291
34.27440085843544
33.4755704205804
33.13494921976777
33.26932366821199
34.925811516778126
34.26421315956687
34.34092854430693
33.89674573916572
33.73349213453275
33.84186066221546
34.07776352788943
34.71559768254971
34.78793272613732
35.86362366283345
34.2224912305277
33.87682495888378
34.53317767187672
33.955993278305364
35.194264897388734
35.303674026956266
35.889051577868344
35.329442479040594
34.8886508129572
35.17329772965036
36.70386550227398
36.64887515612053
35.511158402201445
35.36650051150099
36.45706570357293
35.98843535873961
35.989199845541
36.91840708319557
35.26788710990995
35.22263691856412
35.13497768899096
36.08578368184002
37.01609926229974
37.94419923892186
37.702638829426455
36.76893703553474
36.04600161673631
34.599181577797154
34.174241736485925
36.058258776914755
36.77874645541386
36.69434557181772
36.304130295823015
36.13503042036772
35.881905666728656
35.28677606652654
35.51209016047249
36.51652929829714
35.94877577913658
36.32273529425333
36.61681136404582
36.84426565120671
35.92233148263533
35.636947031285644
34.5602742713692
35.58125437036587
35.91204880246462
36.71662164056737
36.056044411715284
36.54443313116941
36.50554052594608
36.059314932178886
35.85295871735659
36.53576599867834
38.56652033382928
36.62898143200235
36.76487115009853
37.007237095807106
36.95095829419919
37.32259477151299
37.691065550159024
37.97410165059173
36.064867345247514
35.57853258165986
36.20196910189954
37.02767844111402
37.68423173715327
37.04120911517229
38.681694077497646
39.65381809516289
38.9582451686098
38.53198307438528
38.723337330387665
39.575889583773694
38.950417229232215
39.30342319421849
38.21152774241701
38.038916864813544
37.85620409684107
36.93354288060746
38.998514936760174
37.545365146430356
37.735159406654006
37.76428834870405
38.44436581143619
38.85857651955084
39.246902177660296
36.95360935370213
39.32209402845359
39.15184588800232
38.4648230617178
40.00575339396093
37.77925420378068
38.907401842941766
39.074408201325284
38.97345430026286
38.07444270399187
39.461572282813584
38.56700682538199
38.802961170545636
37.1095402139498
36.93723495192309
36.738652034389936
38.0149348760483
37.7923720686272
38.3785603429779
37.26213417702102
37.519109206561595
38.62516217299685
38.844321124697906
38.49726704347119
38.469536483787046
37.49252823918288
38.58884140894213
38.070783289874015
38.372556795104344
39.145358256806794
38.148475110337024
40.00567306663461
38.68752484759326
38.09664983157414
38.10161559451956
40.17100048486387
40.21776216130155
39.835719990930436
38.302182756161805
38.987546943744206
37.67898322884913
38.00806582979787
40.1146552340501
38.21704525754122
40.673575999540645
38.610460315015736
37.72239101464782
38.09953347450681
37.79462414744079
39.23049716141776
37.8624285645386
39.263892649751575
39.19390810154511
38.28682087266524
37.4173409929495
38.82577332852715
38.81559819834271
39.371435073265104
39.13205272503488
39.94743224440308
39.18346569620465
38.042831227714224
39.9024760313393
39.32480829296875
39.116888878578
38.62400928455787
38.21884735518697
38.91925480147645
38.39544293375687
38.798858587959124
37.93600455360896
38.62364168855093
39.10299791262224
37.93633116138592
39.17073108683873
37.99679057579257
39.40143072508679
39.8747460967041
40.494685085271605
40.17557597577788
37.33473725587218
39.919841849797066
38.66415210689673
39.609157939308915
40.64451129973083
39.546657850873565
38.45695854951259
38.68120692163885
39.24768261170312
40.396995463342606
39.774926511467235
40.49825099293142
40.61106081799143
39.829311236698416
40.47829553848582
38.96790312730313
39.22024108119946
39.406019934363904
39.92042255160949
39.60058186354667
39.42038805767323
39.23621532333123
40.15873658266181
39.06831281526189
39.18299570705307
39.29703563856387
38.71019607963011
39.696955609483815
38.29839582955029
38.528834594040774
38.99383668700979
40.21086792699658
40.54596112268775
40.47729935192102
39.91140504562325
40.98150152819201
38.83350181556427
39.73201601442694
41.602967800626324
40.0380105628074
40.12464170539507
39.67641344478017
40.730841800413444
39.27524589016623
41.762228448556314
40.932544874341374
39.10596083001302
40.44627755530501
40.579040589759536
41.3903045866085
39.96566941932837
42.186165623020536
41.45274839688572
40.20018613423658
40.918589981797155
40.74535294410873
40.462813467669456
40.30735773146344
41.38646918122465
40.0059040458943
39.722311290353424
39.32089795911119
39.69319908529085
40.35807912571904
41.10471874234425
39.482812204166244
39.84894425357346
40.82116991665236
40.56924784413127
41.98286975239125
42.43356857621065
41.918042439153965
42.81650391574106
43.11928812487905
43.19529431294957
42.72993091473164
41.54442750815456
41.287909825917296
41.11255695099023
41.807905425460085
43.16931969473067
42.740335348338654
42.57883558187919
40.78955117260831
39.73162825280334
41.787851037178214
42.273296771303514
42.56855751656991
41.3793043043598
42.13737102166036
41.342335747177
41.65429769031985
41.532929382601964
40.08253159193252
39.67139080309552
41.46832898844496
41.72417182881501
41.23214710004237
40.65025797883477
40.42065928452181
39.80702893505801
41.03744784873537
42.50355081633111
42.07843403135604
42.272874102726355
43.28939685167056
43.85992598911596
41.057925015517235
42.38004988170359
42.20776492079334
42.05166138470397
43.25684349576497
42.59489695547777
41.73980465437361
43.11553343994287
41.97797803452708
42.83060443211904
41.56346964980194
41.88559798903897
42.2550427023343
42.9343946035464
42.817278045552975
42.10407245207504
40.87440187577627
39.65278790260966
42.14394374874328
42.99198628475807
42.90342734393329
43.26086836880253
43.97368983682943
44.46512755254396
43.16345977724397
42.71952785669546
42.28451630410116
43.422528075457286
43.59500797614094
43.49642884751098
42.1332046956314
40.5972948638459
42.322825789893926
42.506281578997246
42.84857474110305
42.233944179368066
43.11169762579911
42.22857332888598
43.30725609583403
42.74404604565306
43.57580873792585
42.8080465228474
43.640480573098685
43.17742958757872
42.648145622239724
42.720810566886044
43.0338865126116
41.18985391899729
40.45874048869811
40.69156051953219
42.61288698055106
44.61387355397332
43.341410846640606
41.69176592905155
40.85798198654919
41.93669447843567
42.003077022427775
43.02849320545046
43.47758765800846
45.619292034851604
43.96689405080283
43.68483771638083
42.96157850922957
41.80367014574066
41.73236187170052
43.242344742658474
44.80602296798853
44.89651071518736
43.39769808752467
43.79548384087557
42.31172894198537
42.050959616711765
43.88346406420619
43.83258057929077
43.919217525534506
44.767938152790016
44.57508694164537
42.6816611764756
41.98192161520568
42.537070658614425
43.1296325861444
43.831971774617095
44.62995694919031
43.82267422069199
43.68352672691934
44.047554443922216
43.798951162802446
43.80726523654633
43.651621184042675
44.50998856418121
44.686998621923124
44.934523106715794
46.14742927370057
46.07187445771216
44.69213503331882
44.30690402214625
44.83646694090562
45.289587431039415
44.54376377144438
43.74929647553793
44.6041887169994
43.51332037519566
43.01643553577158
45.332900270481865
46.300210905124445
46.1200968412813
44.29372526296631
46.35819502280226
44.695542031115295
44.683819923527956
44.260755984039285
43.96724679583754
44.95634772822877
45.28497426900197
44.79699900574967
43.995296352003315
44.361963559303966
44.83035682540745
42.74351965632072
44.59760493942993
46.109720979868285
44.03773281354332
45.22870803610093
45.07914883356548
45.54059518621454
45.45187438776526
44.555286258070005
45.784552702611556
45.713950095681575
45.94525767216549
44.56543085502723
47.486299786761776
46.60300051874803
45.896316618376034
47.714942694249785
45.17912561984818
44.78152156929468
46.62510007097444
45.388764285700816
45.51650216545424
47.41319766314157
47.448680153408226
45.29258171872628
44.11790757100905
46.444282069007585
45.94281773686648
45.70320436012641
47.28593048994941
46.20959372902807
45.732002001305055
44.89133110718813
46.421901141976754
45.253566283192164
46.40742895344534
46.45331299613926
46.96102869196447
45.095839030526186
45.256963372607686
44.65593226258188
43.36739447551805
45.26779600338386
47.54849247708228
47.89891989533197
45.47019029809409
47.47484459568279
46.89184659392106
45.80138839239833
46.81153459992258
45.9470489784594
45.69146140140323
47.27250247870872
44.747124148498564
44.902410655398235
47.91303878371417
45.25617691441505
46.2908460499056
46.04933070124621
46.350824223091514
45.774954852038576
46.559939476048505
46.24275946583461
46.01776538965543
45.94521730094643
44.52219226978258
46.17289690576362
43.3330310736524
45.07278559144323
45.157594175257444
47.91122724742994
47.2642867218353
46.162333929599335
47.87053767879578
48.14067773493622
49.72303530979329
50.14056482251127
48.573928709653835
49.77910451226596
48.40929443296247
49.18877668730687
47.07811819064742
47.92542717483231
48.26866542377317
47.56325973882637
47.968491435421896
48.52650096859053
48.39833854192615
48.599593219441765
47.836783604882186
48.96402101732488
50.1091611754787
50.95420092940078
49.915987750622975
48.7793028506669
48.56007163249843
48.541197327163665
46.745545496486734
46.29334695054544
48.118020832294086
48.84714715586371
48.00185668083289
49.72078611892341
46.92276813647709
47.44711448722292
46.32084681333824
47.122633552444796
48.81135371224116
47.67627342925216
48.11055064550903
45.72362438274324
46.07729509719501
46.10695151808418
47.86380402715016
47.28131434813406
46.64637478934474
50.02030012323808
47.101396448733404
48.66652391672193
48.3782981975747
45.47818188227436
48.248539089046936
48.49612410167931
49.27929258621423
47.952541065208
48.804601154088765
48.80280822836915
49.32525707445731
49.15951535345408
48.95421967431824
49.8051045026009
48.73391262899876
51.34841766086107
49.27322448606684
49.13041401484339
47.54458578130223
52.20520314908229
48.39857323717304
48.993202883905425
50.05836185355225
51.0549372774222
49.86564564401666
49.57937223844448
49.734252627034515
48.663395734121025
51.445243347087185
50.30939670452378
50.31447878497546
49.291730427887614
50.122601335825685
48.42310794408693
48.75637474096919
47.86247071723767
49.48363728166573
47.46990524660557
46.92133878887564
47.843439969747685
47.43681428853773
49.31810193146942
49.03361498650638
47.814162385354145
47.209181169255395
50.177660542472964
48.00044473667192
48.77169074205298
48.82261904735406
48.788436550620354
49.8335693196342
49.61822788930923
50.97451129417438
48.455886549224644
48.71797585597885
47.78030727432173
49.48999853193806
48.780846380296644
51.41349723516905
49.18794876218301
49.665205197078855
49.63491547619705
48.883790611456654
47.714387923011834
46.670783398298006
49.077797147463045
49.165692134435936
49.03516732528635
47.7032496347215
47.60231446455505
45.80268964903791
46.20643029683127
47.14235269931007
47.605029132726706
46.84600340634074
46.06611735352538
48.41928666075969
47.524100062384946
46.95339099161856
47.91159194220862
45.35989694566282
49.58578282439946
49.47499683808659
48.70073479855624
49.47729350048963
48.731568001881186
48.663366940447986
50.56216131004304
49.089471474985125
48.18357359677515
48.940277900013214
50.43931630601113
47.39163023302552
46.62451566472157
49.53667760183379
48.68600464056653
48.17429854417214
48.52145553854847
47.57263969523811
48.85092599834201
45.592195363100714
46.59797439690009
46.50440469004654
44.90426108087833
48.31715359000092
48.91696132331115
44.52277996168663
50.533122980834925
45.200553779642256
48.66102725542271
50.07756148583116
46.95340326326452
51.59638916641766
48.000745661680774
49.35273643077146
46.58208814385755
49.25912587425559
46.53485066987929
48.88709025906934
50.001172742379076
48.60286078122459
51.561044937839675
49.8276393522033
49.96254870530347
49.795917391640415
49.410685411648764
46.11098910258169
48.159884639830615
49.45484869901967
51.73309484894244
49.016555830971406
46.193100954181425
46.99591300146467
47.83204413713411
46.70037794640604
48.99219993031701
48.86851627135423
46.28485235867359
47.739037559463405
47.41611606729677
46.54512321284684
48.12989098195126
47.14817182214026
46.486993465327764
52.24209083686182
49.031560505632065
48.64593880976049
49.19837013116272
48.81164925758151
49.019386231147294
49.57156777198405
49.07098003372617
48.959919857039665
51.854618595171
48.7485872543309
50.18144382930737
50.947599711186655
49.283406491141506
50.02493034712781
50.97452115201529
48.36196398456998
48.60156604407895
45.953401833447266
48.33708117682602
47.808395137110004
48.2743733793066
46.907202475808184
48.26932988401569
49.62547666880522
49.77634881218404
50.65563640469634
48.41426342676221
48.226249658258794
47.867784808081886
48.68753003469339
49.69951620641063
50.71716590741438
47.70395084437809
49.58058910858648
47.90911171321382
49.18416431651326
49.676205968703506
51.09143054257178
49.403754715291676
49.19862687567102
48.40850572934201
47.627149960415096
48.257016830956026
48.76025562858328
48.42969750360693
48.752048274090775
48.8313202902007
47.681815194345006
48.30882372669506
47.97489914717558
47.759711025532546
46.75448616759279
47.02264967240087
48.38801500490617
47.66534933674705
48.214942998332035
47.714380064553346
48.33958099251145
46.898896781522545
47.539542866686766
46.64045421247743
47.505356901712
46.048402519773866
45.4683304822868
49.375969483137546
47.07143349085205
49.690400713685655
48.23083464320657
46.08430751908806
47.76784832538924
48.0059201558505
48.83092892826373
49.080815157090576
49.020799648283116
46.957028272901006
47.57670304252482
49.199961373064106
48.61516407852278
46.73317712497763
46.26017791211873
47.42525111694744
48.683218577359824
48.94007650277612
48.234483854974634
49.76909332764666
47.50878548424274
49.4585199666581
48.75585033808473
48.88511885908876
48.348722154539104
46.29302926673773
47.60977115476451
46.67831018426036
44.99831759601851
49.0747338252061
48.78498146397854
48.81284473758493
48.0752318544329
49.107740781433115
47.64773077831226
46.96672150496281
48.41720045129775
48.400763107427956
49.81104253225591
49.60448431722998
47.20997424720532
47.95051547356459
48.424804387345866
47.43682282556525
45.77728771316128
47.331994534169944
47.600573978530775
46.30859856854265
47.337493549097665
47.08357305350696
46.58944588248221
47.991965719590326
49.04386342097013
49.552757154798066
49.06698484286915
47.48588053284842
46.98646461668752
47.99045724228379
47.46642566236152
46.07020303265193
46.47276670324429
46.37479742637733
47.12004549591928
45.60055062072532
47.32830018743558
46.87589944613602
46.03812334834614
44.96429053174386
44.94638907293896
46.40573088334581
44.8535793486584
46.96201234071474
46.219170857360595
46.61793205110685
48.14785133306214
46.75405723633298
49.441980178224426
48.47949624530966
49.186828880552035
49.89120877925161
49.316079962009226
48.61554000962158
47.08329447933206
47.79122361577989
48.19538625849194
49.022010476931534
49.340424721367185
49.022779540740146
48.96665089544166
46.94559670751582
47.42317960975286
48.00671177728217
47.54583908498364
47.288177288320156
48.214769719490896
48.16046309033821
48.999685565388056
46.12723438188323
49.33793931746863
48.795748017268835
47.35424323109087
48.73774894557413
46.315637549262384
48.576640419154
49.99937066304538
47.926472639302034
49.3031012241713
47.77800253687626
48.262075281770954
49.551296403559775
46.28232080209043
46.42676923704943
46.73355887888733
50.49291773848197
49.378610893827464
46.70888796614574
47.9385792637427
48.39787039653593
47.69679089871639
48.356074090677595
48.14322243277046
47.347092782764705
48.14599691254327
49.2756948418693
48.29599859240752
47.51317236595594
49.95597778713523
48.111767598883546
48.882029757973164
49.52634957375981
49.40187833728633
49.11424758521045
46.77701101358014
47.479114802748406
49.30662979011353
50.097869105187975
50.076363689662685
49.30305844028058
49.8552775432756
50.59655801949589
48.73852699233017
48.41723828534413
47.48963732315545
48.231478964605586
47.52201169446803
47.8045217280878
48.07002659987525
48.72252253512919
48.04024269089943
48.684948552414475
49.93463291640548
51.11373396617661
49.41676737043482
49.14824110559151
48.024157723763906
47.2189815677562
46.87518014137847
46.34368217624377
48.00592173247416
47.64131543963505
46.282754243975624
47.36338542657292
47.410690198867385
47.93391120312929
49.62176518349589
48.69339883565697
49.39788356819611
49.16221415020197
49.48725273800944
48.95651288444323
49.92206826848797
50.30245396412037
47.349833148092046
48.3512097977765
47.953349376167864
47.17960107109301
46.43861849023294
45.22704106204645
46.29355767587916
46.77941732660983
45.66738434370434
46.987909194739125
46.78582479861037
46.90696471108529
48.91256851719486
47.82227138577629
50.03146275075115
47.75018632882353
48.74707576669014
47.982626172539945
49.84093546460856
48.65425431363972
48.62768376300598
48.96469730436171
48.24305175772744
47.293326009726265
48.03569917903531
49.83420110801396
49.93959651775851
48.07597732030019
46.79274454698752
48.92432692170181
50.2171249853491
49.74917092647284
50.36335739847252
48.089296679453625
51.188087797984565
49.38457286680845
48.482411221316916
48.79310440732269
48.27346942465542
50.91571520591755
49.300415053874396
51.012970994022155
49.11596421978226
50.107752696846696
48.43325220556632
49.49873656002351
47.39754075306872
48.21868546014985
48.84681615933787
48.01688571226233
49.39269727435602
48.24511227401838
48.817577590477505
47.90275873887166
47.019916727308306
47.21739552650775
47.769533227199354
46.52738825017752
47.07413073762583
48.95362222290327
49.619971206987074
47.586617560433204
48.6721544213775
48.36432962536118
49.57210803495402
47.50711218823902
48.54901404636606
48.62829130112179
48.38247384780527
49.937000135253975
48.678876713499726
47.10479580918169
49.93965414065959
48.57288562190297
48.81488070775461
47.699420766651585
49.00089049790022
47.40977573349234
48.47557654187374
51.662030171500014
48.0262933287573
48.03681518943267
48.89976007635812
50.00123369504695
50.50710708684903
47.59476571672761
51.05851952452741
48.99488844897244
47.601823189423804
51.13213779235504
51.29309235387247
48.4485324086164
49.002021865351296
49.77341068004661
48.13074771328601
47.77733307880194
48.556984321051985
47.397817539228896
50.469419392116265
52.019143088605716
50.23675104181793
51.022648013869485
48.958978567210394
47.944948248402
50.3853505393313
48.700821312390005
50.34103338992994
49.324958378754495
48.23046774867209
51.39417656277569
48.77176323205122
49.794020744777754
50.3271351175301
50.047258100040864
51.14377595992333
47.42018572428374
50.314026918944634
51.76467070012361
47.503488416082
48.67976275428805
49.02728612231185
48.06857054919141
50.33846247125335
48.5857918941638
49.86395476327517
48.34768428252529
48.15517980012869
50.627060917007654
48.713896768369615
47.69232774867113
49.13363526033483
49.048585072090574
51.668060223791635
48.1747936238782
47.75479548222807
48.81100267807853
48.30932621996404
48.37916059283613
50.45553129294169
50.493189757794056
49.17816925674138
48.83428944714813
50.19700078659548
49.46043815398465
48.417200888685294
47.259027363427315
46.90940726828005
48.071365175134176
50.67208277793769
47.465367804516134
48.71902784178646
49.246595803492305
47.864096259625775
48.858434513934284
50.04863046458307
48.62971909751313
49.20882423021799
48.077144510990436
48.82767681828388
48.67150004033438
50.9502548627682
48.708118492305935
49.14429085412215
49.18901986363088
48.60318576182279
51.5407080933295
50.954846918981296
50.24009411864741
49.37611853309029
47.948029997781866
48.18641496978369
48.72712093468291
47.780576480113005
48.62879141741861
48.46519154521826
47.364433929905545
49.25045397738841
50.005581076408816
48.31519006724947
50.34329562153781
48.62686123559008
48.83472484015026
48.24027483746301
49.138918891310745
48.246895509251765
48.05248858197554
49.844284551657104
48.3782358972765
48.87172443231112
49.977189998276685
50.02971515085527
50.297669324766254
51.15821543208976
48.651759533281115
48.838490486651935
49.966518871068736
50.22418648097546
50.8288018047166
52.36495249693887
52.223666261582196
50.23621526476833
49.61321222767195
47.55247069462362
49.866913106543194
49.90995929660037
48.71186087494975
49.945231705109876
52.07979424339287
50.35238308520956
49.562200170380535
47.93351351641828
50.13751787435777
49.16106086871851
50.918170555025476
49.48989913791556
49.90178596527596
49.41043472432829
48.454019568593196
49.42924713381032
49.71764392732756
49.69684196555072
49.634105099784946
51.99541535188969
50.06300746633367
49.7760684358006
47.499220559174574
48.4907645007343
49.34677835558439
49.66175235896456
50.45138710718129
49.92630492503629
50.812056532913374
51.200980277896875
49.631370102394506
48.584595691842864
48.911377446770125
51.84446639422509
50.788667679701646
49.756744640921646
50.861068854227064
50.354303268422925
49.98675547034988
49.79493612602182
48.552878706072185
49.06599106915249
49.67099874168825
51.71873390632416
48.92391910674891
47.84891650622452
48.17311385830166
46.002913915673126
48.41831515894795
47.59862873914722
48.74008131353299
49.43882212541985
48.08071299150198
49.83024012669627
49.72756144672895
47.66679851345447
50.56148215085796
46.93138653015678
49.90812443798496
49.86785034801747
49.58210586539871
48.41047939496296
50.62312885657488
49.49040662284547
50.27039862080723
50.333404694298494
50.043856371882924
49.11613923563208
49.696402353981455
49.160196525545594
49.228741164473114
49.24458180445114
50.16182683920666
50.712066375210945
50.205474205149265
49.64611222658718
46.887857200338516
47.83229443188179
48.00835637793884
47.8929684856195
47.421783040876576
48.28729811025612
50.04858746751458
49.408559357152356
48.39589928839189
49.35239930430448
49.67845980021832
49.131580496515426
52.01748475904621
48.599993221500014
48.43089892778101
48.92266228452097
47.23773420063408
49.29018031232624
48.86649320091766
49.01865351311173
50.01953546593425
49.795367921309406
49.784914642364804
49.96428773430337
49.21071895590178
51.11130635014441
48.42990267217681
50.25248735827995
49.634107857685905
49.47440000414803
50.08724351316841
48.78503415886801
49.91801000855117
48.093909029512176
48.77393958570516
48.58348278330029
48.260607066648255
49.7034309267206
49.20668049930835
49.09109974571616
48.559788218467524
48.66210314533278
48.0726568976403
49.214098738840136
49.107742131291495
50.17756815400366
48.82202806515581
50.56733712934974
51.82989260996932
50.32331683781673
49.32181571094842
49.843226750219024
52.042980758633135
51.63734211285346
52.331729389468144
51.73460201042788
51.439722104908704
50.34355137171211
51.29521194366042
49.241294496855126
48.24131461629808
48.59770626217342
51.10719815853673
50.299493285924115
48.960383806679545
50.2177963365022
49.11202208006263
48.052507250974536
48.66860500394599
47.7000730431189
49.293819993191455
49.37873281541234
49.27857450561278
49.0523248878777
48.77914287969282
50.74326779193645
49.74094937825746
48.555765049325345
49.72623477612212
50.49389404058974
50.162073628469656
49.06459922474754
49.59781492586289
49.62970502935526
50.333624418944126
52.141750305026456
50.43272664245729
51.84675367408245
53.59062018745133
52.53893569986436
49.152281770221656
49.887030547863986
49.71103029544008
49.30521685167774
49.77215805768507
50.19004884543996
49.190803731783696
49.49939120220569
49.30663553577499
49.37573438633839
50.77120078512189
49.80943828917357
49.27325491193855
49.79367617475853
49.828614031748444
50.486775766142244
48.925730768174674
50.65521796739417
49.4068406549819
50.655909382108725
49.33096816929864
48.71658228277207
51.56821286444516
52.05848290953761
52.02467647108141
50.172305626439844
49.044134711761686
49.68594474922704
50.375861881335986
51.516203580572146
50.52470864933679
49.890694511909594
49.72700156510613
48.515171232651234
49.15512057892533
51.52069054551135
47.8150586046568
49.63253935100738
47.54101729615094
48.952350609867736
50.776044194752664
46.448606388037625
49.38297087452346
47.36394357616145
47.42516739710398
49.463141714937535
48.234406731333095
51.74531954591083
51.34954228361037
48.84900967926433
50.92477398735858
46.47723779485942
49.44094120751976
47.07921041302297
48.281805439287545
49.04943546984162
47.3348621900523
52.58834397262835
48.582447432175385
50.43069734379403
45.82232804740995
50.58753970201502
47.15554035281172
51.44452355081305
49.342309153254334
48.816363204212706
48.04897691407398
47.82589139549482
51.18544601137274
47.40427249156728
51.92309217896432
44.859099677092054
50.50200886207361
48.33743472766437
50.126226695187555
47.05660801296242
50.38383128971631
48.45046502961642
48.439394256771585
49.204509173894785
47.275309762609
49.66339887441835
49.81887103573158
48.99011309443069
49.420500429982546
50.29169257787049
48.4449493360509
47.750312395060924
48.120834820824015
48.47105939416768
50.477871414946314
49.35857078876903
46.86149965245162
48.04001662521616
47.65268164266697
48.765439881990815
47.76085397209832
48.74780896024347
48.70194970809398
49.17803410945056
48.55808164463927
48.430009669770776
48.72444621811046
49.39729830580651
48.876289752711635
49.8369216647429
49.80865992942388
48.966878459199144
47.90094605334834
51.092175072648864
47.52833537194965
47.03660956722752
50.0472910471245
48.68906149563445
46.37377442437583
49.58101994645613
48.99746707064724
47.03922479657773
47.4883894351052
46.13981650665736
46.874573597469634
46.78890113939844
48.679758185465424
48.27846225122183
49.16749626198647
47.484512171564404
47.706284324736814
47.516684153798245
47.842260468097784
48.964811002341015
48.78851108895453
48.56986585776472
48.9716733733608
48.81846794659056
50.29789550324087
47.71143891733891
47.734624035775916
49.447996242147354
50.62312495167621
47.38053983327291
49.792701936350085
49.31357939010171
49.84580813657475
49.393182359673276
49.21050162095017
50.40492606688881
50.24142048472472
48.502298570148994
49.07880660494115
49.856653853641305
47.43029625518066
47.69991639325401
48.40120726834853
48.61790884000966
48.69688528097837
51.06046864800859
49.21271956685302
48.71258164588313
48.375820283276575
48.77070097925551
48.10455077855691
48.88576316767441
50.117441482426564
48.66119889684213
49.790490997613205
48.80627243324661
49.8304166408239
48.374735547887695
50.04967542511235
50.594768172501944
50.431026427396425
49.31019636455553
50.785350171173214
49.12222025425596
48.13132575222995
49.48067962238153
48.6259054298627
48.37044656759179
50.88363411317384
50.31087289968172
50.30722440338803
49.72639517547185
49.66954251868309
51.98850463125095
51.538809360276595
50.413253679184635
50.9488422130902
49.78610686082815
49.53301143124857
51.66000497540532
50.63267327233516
50.54818311691754
51.68889908230146
51.60516733176691
51.123558246107734
50.45949539679965
51.89178939448954
51.78146775310703
51.934606671344014
52.168553282735004
50.669860920403465
52.89068587638933
52.8916139992713
52.91619270009615
50.7327986509593
50.41535871617069
51.6670580781006
51.257592492865655
50.84050756573303
51.6800862643012
51.50534009966408
49.066450817380186
50.71688323083683
49.88780547704709
50.67252073712636
51.81943603158774
50.41196580000342
52.00500911036734
50.16326113035453
53.28454920237305
50.75762104712886
51.602484473378055
51.984674063132005
51.60066050759641
51.70937992098436
52.09006928676091
49.829083781610116
48.28897373891512
51.00948454374552
52.08176467845243
52.25745275760755
51.32610544871664
52.68740150075376
51.39836108997908
52.396992576050316
51.49033410216425
51.74268412097517
54.17741698888981
52.67190821797535
53.97136939753471
53.26273885958799
53.537890466943544
51.9844645617341
52.25161122429946
52.19225416555346
52.514613424002036
52.1893893909332
51.934190993132006
52.376891764470486
51.34757545596156
52.015752915490545
51.480150959369745
52.98466999123853
50.39204627594873
51.20853982513734
54.41714561786731
52.27308177181677
52.27973663176308
51.21143975087516
52.2019668897417
52.617432018418064
51.300859010732985
51.32378499282555
51.63264056745106
53.04846674924236
52.88785603776073
51.420048067707164
52.81546058503738
51.75049825972473
52.29023825085479
52.90181140275693
54.54191383141002
53.64802559781643
51.434640693136636
52.509997804218855
53.183248468781706
52.421743760300714
52.56389027823447
53.91182061454903
54.147297624184276
55.26370503361562
52.755540177643844
52.33035499583212
53.40355226242602
53.661950136869834
51.82031783630698
53.51090864436217
52.708535419706294
52.71002832989759
51.845031090515945
50.30178593404808
52.15224814916839
54.60873209514293
52.456495362899936
53.662491630060615
51.54334231528729
50.76468544118406
50.31863066431703
52.47920858936173
52.7648182600901
49.52595439052622
51.00222752990063
53.09561013255047
51.53233814861801
52.914847340206755
51.406248822306196
49.5838255445896
52.718304197209996
53.48597670434019
54.33616854000618
50.03980655311377
51.38274436137798
52.734400206361556
51.641003406109505
52.339497914264406
53.31491975717356
52.63895400740181
52.47407275733043
52.41466517732128
51.24307654329327
51.29235259232969
51.44313726315429
54.07066782946238
52.41592473389714
53.34126157890412
51.54191079575813
53.337216871561935
51.38743778575098
51.932652135827475
54.31466523205851
52.108153567910904
54.36690305388629
53.14215834763823
52.61092460115159
51.552666321032966
55.285661600853906
51.20732033973558
50.91452179957896
52.86660678395053
53.12156363937626
53.15135866072813
54.56065625671392
53.24679467510719
52.320242448731456
54.45361309446125
52.82387571649761
50.46535908967526
52.059025309089265
51.706603741708626
53.60888913008276
53.83215104188415
55.90602861462541
55.89121252312327
51.61099790848413
52.80152264498892
51.259794535358175
53.728128972949754
54.22101299408231
55.428762569121105
53.89914222673291
53.377074120216996
53.14315284151222
52.05592419347967
51.723992325472786
54.86609155037109
53.60801671915323
53.91279965419945
52.21391951928579
55.46937462434348
52.92716763078945
52.272447299269245
52.56765166487125
55.41764373047325
52.90425316081586
53.118500566210535
54.73507491507375
51.86119659933849
53.88803298415862
53.06453158603089
51.12006617182365
52.68598488301873
52.73621180193992
55.98131667329336
53.41517055301528
55.68832327319827
54.545761023137665
54.0726495930962
50.487241124054044
51.62864467413949
51.91797341562529
51.55076397973132
53.724465900381205
53.158611186040005
54.68565286475433
51.18840166270337
51.61201850669877
51.828975645844245
51.51081891749516
54.00316206786942
51.862071294601336
52.63545887528624
51.49599469314421
51.69508166895447
50.90645342547814
53.94828490354272
52.78288674605016
51.81896082143223
53.33608930761786
52.258491694886125
53.40079222453085
51.982691052573266
52.92189950704982
53.6377240631222
52.84177524348735
52.859883275128325
55.26943472061459
54.65058170260109
51.92580361607788
53.07523333517046
55.20559033118843
53.63417045367321
55.23175014132056
52.522514322786115
52.25070805826012
53.16012899819914
53.250416352777094
52.38387959449245
51.46524331669175
52.4121488084823
51.76227384367733
54.53218221659174
53.82274994869125
53.409955641532015
54.45399843490487
53.72558831348598
51.74632123265558
52.761766582543316
53.36330737323474
54.46726377782908
54.67536130146097
52.240982875765106
53.11134266389838
53.82721974590156
52.80786093642847
53.60865078266739
54.895737758796564
53.578915279316426
54.573939168741404
53.71066104897161
54.75681763763379
54.030792327291984
53.61891281108183
54.91407779381676
54.674375471730336
53.261097064100106
54.60884569477484
55.90020767786883
54.137487385348024
53.78297153353597
55.715437408109096
54.66843363749467
54.3983005758969
55.2910213745695
54.63243142008744
52.22137655887303
53.212546911615846
52.709038576285515
52.152730676015636
53.01077982059243
54.25201758004312
53.740118572817586
54.283333181328395
51.593900505460425
53.37463857613047
52.16869309476442
53.55272371269696
53.62043252516376
54.82030687503906
56.03334693229151
53.928287526698696
52.44838317664993
55.655971913141016
52.94113721553285
53.523976242166434
52.97082479899661
53.48831895028187
54.86838444409378
54.83529718970257
53.12564231843539
54.090752761996285
50.45963459115407
53.74808478766176
53.55839586446703
54.347149218576746
52.97605274865322
51.81933591190736
52.026387613609046
52.2737217830317
51.58847939516849
51.446702259631614
52.47352972331345
53.493473449984045
52.52356579946036
52.534642961776356
51.85190630983665
51.031765863774474
54.92400755203974
54.07822362184002
52.04742416547856
51.425308093806876
52.17571665140496
52.86422264075507
54.34510173024131
52.27390252190966
54.532675202050214
53.92948784117699
53.40451399287926
53.51637538220079
54.09591219048781
53.54767236624957
52.36460689918488
54.45337667387837
53.89638393035527
52.73088590330602
51.91071346406017
54.27692324843637
52.63591325239896
52.77745622185397
53.66833153198881
53.46413460779505
52.77271305083344
52.91758114561575
52.80385613571833
50.209363835213146
52.424918529082916
53.1751092109612
53.25534006747438
52.56107313527461
52.482770025376304
52.98021647399962
53.8414670759377
52.50710344442861
51.676528462349815
54.30381853714497
53.71935114475724
53.41341252914474
54.65780714059146
52.70799875298066
52.05531731166695
54.64914865748991
52.999629557227564
52.074589641431594
54.18361272121697
53.401166532904
53.40897269217542
53.32398829197051
53.81875412049947
52.165182448599666
52.1920462913092
55.305239004528275
54.00751603012744
51.83143724620186
53.18602960699894
53.88265933952586
53.59633458272999
52.85625414280808
53.29968691020716
54.04400411614494
54.77929419283715
52.83539877275924
54.18653115445677
55.219644863858484
54.28757728151844
56.01925090034754
53.372506826905884
53.98720771315033
56.585418501874926
54.23392824712616
52.59518748054493
53.50777326345282
50.460681502994724
50.88383926394933
52.28389863927797
51.72214245655108
53.143583091963336
54.02142201072735
53.54898741161615
54.1544713875147
52.67867528976665
52.59082009402911
49.635818121726714
52.276694063862195
51.58520677041691
55.213538425094235
54.37268979151715
52.468252809176846
51.77455284841237
53.77208761327129
53.130137963114464
52.64642323505971
53.36281219179756
53.522008212910364
52.73724625220477
54.76908610173596
53.276611841459676
53.964343492630185
55.563724670781056
54.330740401570296
50.15620408226133
55.74964166401751
52.62962839859623
54.49688272894066
55.52157067220256
53.99103859617766
56.700823334706186
51.68961119345638
54.84779000340347
54.37227581469909
54.628730220279564
55.118981813379115
54.16536569739548
52.864932047104425
53.93206681688328
54.660648199302415
54.999477261488934
52.197276432768426
55.31620763548923
53.58501978352887
55.54036567071847
54.169203201170895
55.4841514941762
54.04037576526318
52.500452718942896
52.94133340666923
51.86314701451421
53.293522265850626
52.41074652634896
53.46757104272264
53.29638455396525
52.50588373856612
52.38781274854803
50.72751024579715
51.2313138924153
50.23310536238053
50.46022708629515
50.01641312451609
49.60596817822161
51.242592656594205
49.951657337581935
48.36162229356316
51.132564064668024
51.33326006794174
50.62261987007455
51.2424709106373
49.92915120995468
51.22165645032831
51.96088145238761
51.290155277847056
51.442490025312175
50.08534933793525
53.203462984626476
52.34290034579496
51.22135661846395
53.237585797695786
52.94627779876939
53.897929983304344
52.59019517195518
54.54727460724964
53.6193423061994
52.3224430981221
53.17696176534846
53.683088032830334
53.86459754690054
54.28393622043324
56.2788147008058
53.51084818414803
55.78860202348675
56.43567807096314
53.01398281514949
52.906609841667134
50.672763873617605
53.72279246549199
53.400910874662486
53.96333043295849
52.510226482360004
51.45826784665731
52.290132392422144
51.009476128808274
52.13132953470176
51.63510386584388
50.48920799207414
51.31964118236415
53.019621221571896
52.35156108584705
53.02363363940765
52.76376974179353
52.94663416818458
51.45080298278819
53.136344587915026
49.56542740673858
52.19943709370318
51.942654325130476
50.10141774737082
50.740144913860014
52.47802589046645
51.6144373390351
51.1824419052589
53.00035657874767
52.12676862043224
52.37007551881465
50.00892090864501
49.74703803855509
49.54479381861908
50.39225308855855
47.80089855767433
50.33508367876574
49.27455903182498
49.76605169477819
48.00228853480315
50.99187653906297
50.9230742224048
50.33246444574663
50.62834976664456
50.078212889533326
49.970359293386416
50.178567141951625
50.642884912319396
49.15252353403055
52.326593602192354
51.10742940192423
51.04598333171695
51.321645185510015
51.72507355676008
50.770859311395284
51.307583447955324
52.72727999465088
52.09356501968496
51.84470686507602
50.86249948768298
53.274784816865406
52.434934102997765
54.361792893561464
53.563026522512445
53.59469136159986
53.65881547588068
51.63190391178969
53.93495287767286
53.29271678935956
51.092115814662996
52.40321379027649
49.266861925615345
50.49351331474752
51.16497758093449
50.726000218399136
50.69041766370448
51.365804638153996
49.97228516184332
49.980707581265314
50.759941066870354
48.550439023588034
47.384462136553324
49.79647859487764
51.39951714866979
49.918622165368994
50.92361225130009
49.2056249668264
50.4426700192819
52.109688319953385
50.99732429679033
49.78812909194382
50.487979484180165
51.51304046106726
52.31516747005239
50.713930352855286
49.074387979395304
51.13394610415447
50.725633267553214
50.083610061900984
51.641710549196965
48.766981646936124
49.79890283284096
47.64307704682284
50.346635237694656
50.92370377863018
49.59183814324381
49.351002751494796
51.01538482638062
49.082563541779805
50.79173147226191
49.11230485129721
49.93619746721047
51.02569929568031
50.758200130858285
51.351635708673804
50.86820431939924
51.333704286403595
50.656282267145706
51.47096767645891
50.89469118296997
50.79613981706413
50.70911917570525
52.133344270791476
49.571921425111725
51.72872317092591
50.06783627309519
49.613434129355404
50.56454809153029
51.32038271408513
50.96983829892437
51.49127713151912
50.28616082407895
50.11273390839312
50.26049680132956
50.779684274450986
49.12803393352045
52.84114798993853
52.404979046319895
48.33555237965455
49.44116377526858
50.397808920580985
49.08535301972904
51.79154591328811
50.24318369143404
50.45226127716767
50.05633280523577
48.54740394695327
49.49627693030689
49.519867946657165
51.738381827356434
50.64861421242011
51.12988435028742
49.4330057876739
49.55196824222556
49.80497190423327
50.71664063061596
50.18897138271611
50.81101361643765
50.78077610343538
49.92549128424159
51.95560808472042
50.67340274682853
49.85613782496839
49.52760587271613
49.416178471135765
50.03019469343796
48.92905588330942
50.877024441506784
51.296172468583485
49.17537606288016
51.91943596014933
50.24028273182687
53.24882892602011
53.351392096691434
50.29239313854097
49.3555148887805
48.76892393031042
50.38521735956464
52.11441676214515
49.890616645141684
51.29585278055563
52.66916117674964
50.140573265924104
51.17080209494933
52.23015890090778
49.64160320258235
48.69219349500533
51.83447816798163
49.22109068506325
52.244983893495444
50.82779314752563
50.04357920402415
50.01407391893262
48.98227718004333
50.81451658840546
51.53865349294682
48.021942779336314
49.84701803133136
50.85004351404863
50.71558315112349
50.04677176563098
49.6378570477522
50.58154304021244
50.2872466316408
51.86730327076077
48.7668432035826
48.88985837982849
50.623465875501076
48.81491820255627
48.662178181794935
49.825038849179165
48.93163435529104
47.73699750898798
48.37930783412421
50.58539615168018
47.68384869262576
49.3520743008757
48.36774793557172
49.814367076916106
49.74260161113838
51.37196162608315
50.1575961190317
49.23130308292668
49.410443758745444
48.93689734226634
49.98119535146975
49.35829638698559
50.57537201255037
51.0330144180813
49.88214076058837
50.83492209098399
49.11644831081771
49.44733626777758
51.71286840207986
50.28467176809956
49.81768766634816
46.58043333727646
50.40246806382295
50.8043082606302
47.61535154564963
48.47328856293749
48.590065847745436
49.29427873145913
48.92882658645384
48.33688892755446
46.768265300921485
47.952889442174154
47.671731080106895
48.62592903227492
47.90212081547327
50.54265429732493
49.44057277412378
50.09360952526825
47.92114551061631
50.764364890731756
48.522379860030654
48.35271210350398
49.36132255127679
49.8299935031897
46.76281776382802
49.04894417020958
48.54752993367409
49.79293408165953
49.283441310311716
49.70708126262272
50.24195511686967
50.88894400907707
49.59993251231947
50.44927359950074
47.72697093557525
49.30816506333406
49.1396303545203
48.564620935397734
48.333424343398434
48.02064323957703
47.215504147302084
48.538999493232566
48.24255426087151
48.97755172580763
46.00677572464295
46.73252895222928
48.97089390566149
47.817341748231804
48.54974671799802
49.01464517250951
49.12726321489332
48.99091205690977
49.855007870787
50.05933521617598
48.957657706713995
47.97487431166248
49.51900207355942
48.174620416993
50.67528927749032
50.89695938571809
48.50556023159909
49.60756814183306
50.442269018672334
49.04139957678613
48.47259677534868
48.87789447662037
50.15735031260891
49.19869845751122
50.13387243611189
49.789915128026394
49.957869717701335
48.49553404950881
47.73410380935404
47.671373843877646
46.65109239562529
46.67547559237773
48.29465806728413
48.50646843616927
49.57870447203507
47.28049050930274
48.4259051520249
48.43745142909187
46.371240152561256
46.9291081718979
47.442116514265685
49.198159378365354
46.31089330382881
46.07420012042428
45.01398094363258
48.20432454239664
47.589839978330424
44.95116932273376
47.18610930048892
48.08768363378019
48.06674198830265
49.09201344714882
48.826891029597256
48.01864602094695
46.458082172315095
47.47495246115685
45.96802849285465
46.37535626120192
47.49237387374656
47.052542344076556
48.51382305091227
46.061996176874956
45.973554003313446
46.29760928007925
46.76898200834826
45.92137051194783
47.134505369052306
45.891930263977095
47.291540583735625
48.46911994303202
47.64541424660341
47.64122502649751
48.64128162973794
48.245277953860885
47.66281555586419
49.39323258331423
49.83160802806624
50.99343421629255
47.004601160558906
48.80036758138011
48.092181317380884
49.58367997807724
49.74447995330283
49.81205683939108
48.58257800465161
50.07349389087044
48.81663954273498
50.014128524609575
47.75521439201375
47.13714351842878
48.96148430593932
49.47411472245962
48.13985639434821
48.761996332874595
48.46551395694604
47.84687395963632
46.62788291098802
46.55570237809621
46.05848336314098
46.99222924717772
48.96835185895292
48.9924584088093
47.6762780943883
48.345808767897275
49.34729517706944
49.6205635953842
47.38732148951784
48.374613731052094
49.506896366662254
47.03432455857449
50.83409254796874
49.912739727011115
49.27308179451537
50.56675118086053
51.26075814676145
47.98266268610858
48.06565598239102
48.630252336549916
49.013035490756714
46.81253898173599
46.6362719757256
49.61649663654714
48.45723246201302
48.03253677350508
47.161266523219645
47.53078251371453
45.47489747937532
48.96397732882576
50.39226840807864
49.24311903221783
50.9390562359391
52.51911534808936
50.01186077807913
49.37241605302936
49.275867373602594
48.50629817723202
51.00586386883202
50.115823847255974
51.43560430790279
48.88220608281907
49.00382923467967
50.485462490106706
50.56527154047097
48.90636955971562
50.10834460895423
50.31258359984909
49.08983386978472
49.728357575352184
48.62635387961333
48.22011851573522
50.072667492862315
50.849581816414776
50.18456120021993
50.34380625752172
50.32286764799969
49.19978884555191
47.824532173990754
47.15084717499064
49.572230684694155
47.79426595787066
48.97660289541432
47.99719470043013
47.69655715928847
48.820550635193364
48.72093751914451
49.50038965630788
48.71422840119702
48.64840119978956
52.08956277476354
48.86005269037078
47.18820217902938
47.23590370673075
48.17285421088651
48.404050907300686
49.35599053252391
50.385317303532176
49.61580949728001
49.102580815634745
49.661165275448006
46.84558439543768
49.219054439160765
48.68919691753871
51.82505663103898
49.87384372654891
49.10113613855312
49.54312676404365
49.57833665783557
49.8089082705253
48.906452714863114
49.28133298875006
48.95448654612716
52.11263268611085
50.0756033995584
49.24559376068658
50.038245469528036
49.26824851198384
50.49131842568285
49.96184760081103
51.74628101456021
50.047974455751095
49.4335027596478
51.30433187589763
49.149269388260365
49.63014621917037
49.9364238183822
49.275343439616115
49.830015663686794
51.255538262632044
49.34645282039936
48.174817079073
49.687723922083066
51.500678725653415
49.39007369994779
48.427793450080365
50.6958393174778
50.21596378863202
48.55031668673314
48.437482509605815
50.08774389704034
49.37861248608314
48.64052095760082
49.011175676870266
49.92556205141235
49.08779078543334
48.61150252710068
48.87072310399574
49.52266800091828
49.39406857157564
50.24227601151452
47.59288645819165
47.90732174230617
48.19321197152828
46.794236478300576
47.502293549348764
48.05899747401405
48.628240341459204
49.15214218238074
47.086324021224875
48.13025843693434
46.90716203852976
46.14532783942239
47.27523741326837
50.49230980850942
48.48134355477535
49.723045689017006
48.14456970073756
47.578725965925436
48.393621955963525
47.79748778795794
48.81043168416014
48.07335434885929
49.70080250678309
48.7295557372665
50.0569856047531
47.08464891434216
49.11662745617676
47.09179568161599
49.05593019832401
49.29877438002126
48.35391501866673
49.36268460539534
49.26861868411338
48.928307773027306
47.891614934875825
48.57420018247693
49.141181303088814
47.88167816273626
49.67430461808643
49.32351314514881
46.36571443724029
47.88954862977252
48.01981451673255
47.66119433176595
46.81322753868397
47.869050221379574
48.11018197988215
48.698158479282434
48.80398275870344
48.44714771143072
47.748619702932764
49.06501388011645
48.21498123984598
48.674608562268865
50.351932509106966
50.18285339965656
47.96274369903775
47.424457363998876
47.1737390335774
48.326048717752016
50.11629949660722
47.044095842955414
51.24701485205877
49.41196090440142
48.90470227686729
48.29055441383103
47.99135958135647
49.009926467951246
49.436794425374636
48.80236984929919
50.63557045102868
50.81515382168408
49.524596124966074
50.585013487731445
50.28827319068791
51.53281406217038
49.827207846321976
51.6352571665152
50.29092125223649
47.813954864827636
49.489993505104415
49.074532967431075
49.06685839165029
49.28035860711588
49.325825877342204
49.06638456099774
50.25648842266541
48.65177793477258
51.152381496515915
49.442302642015214
50.55567947442513
49.67859932363096
50.41635960697247
50.478898560925046
50.85860091109434
49.73012156052741
50.08177972855597
50.12321891149321
49.68549404566421
51.482429365730574
49.23440015491374
49.005056027845924
49.264893816512206
51.989845324777086
53.210820689819336
50.77707717739503
50.39886337888066
49.90947245102965
52.06994809817119
47.990968532556835
49.64630292113652
50.60554849472479
49.09501364272077
49.11435057690037
51.06367138052783
49.417570513495285
49.10418753674482
48.85409667003341
50.94057695744153
48.310694848660475
50.40084469503926
50.065280477311255
48.0786535549837
48.75279240837765
50.44088590033765
53.964048726104394
53.410515568936596
52.36009629902626
50.78740915550884
49.7097195677542
48.040328165812085
50.05959681724397
48.81340704464801
50.328502079957495
52.80985528232872
49.604766895919056
48.264909404707055
46.88785986659023
48.927959297980294
48.77433624876685
49.07202328256093
51.17681590865155
50.864401814241575
49.90953472955136
51.07716430480324
49.221184933976936
48.26247488989739
49.732578567144316
48.150373574228695
49.76233594030828
50.38626781732145
50.26575686834623
49.1945569137997
47.71691557830635
49.40440032003628
48.58966145715795
48.35495592121169
50.78214231897835
50.927854223464664
52.24007804037058
50.82218420137909
50.442158641762425
48.83255507155722
46.45320187199622
48.673361127596934
48.41669228528021
49.35419526969269
50.11234805400039
48.70096461773714
49.82767154752043
47.46852154978664
47.763980490256095
47.72188097285768
49.05318551676869
48.88368739550414
50.29631630861003
49.11592273528238
48.451476293610334
48.2814716215716
47.72360767759531
47.58390513244948
50.84909890027461
48.33064391037153
48.158575171536384
49.45490437207694
47.801585161287825
47.40011851044621
49.062251115482724
48.563575827160264
50.19694899344884
49.930145369917376
49.44449211666998
49.562291605250756
49.8101493959578
49.416554818314665
47.698405630996675
49.76189470725862
49.250996541504094
47.85815919779621
48.694812023892084
48.40872514712586
49.17900926231897
51.17247446560313
49.13065361196397
48.09588503530469
49.549150978719915
51.12801649672344
48.60978967128576
49.164363930148696
48.889856372968644
50.45229523458113
49.008779797427934
48.77174666288973
51.4818339688905
51.61869592619353
48.334361057286266
49.311365425323565
49.29905605603443
48.70342586934338
48.923078489018216
50.53774721307129
49.938153041555346
49.179821317551976
46.787271428926005
49.91693605830885
49.01929073595842
48.54584569405916
48.97980758339729
50.4982552753571
50.619771185007004
49.8049101178004
49.61191461331443
49.42217185084988
46.661888384794324
51.40102679052287
50.38003439522748
50.752170552314695
48.524850698472065
48.52163410373235
48.67651078010647
47.92201082331612
50.50864861510891
48.20736702568813
50.064326680778564
48.91744708039985
48.49045411001796
49.114630074369636
49.34962407489916
47.7745680629349
48.07486293931518
50.33294145895016
49.977520723977236
48.56433548803726
50.25641749965479
50.838455686591516
48.628421017108806
50.943930192395015
50.260886275972624
51.53440413798237
50.314582148502744
49.047550300417875
47.61918681361385
48.64814832601699
47.73215529302196
48.921255786032035
48.22798520857268
48.47320884707456
49.0727270438014
49.30873505983815
48.35610812083619
47.85029007269913
48.75477872548812
49.773157146040354
50.99232974669222
50.57083680238084
50.79506016476589
48.00407973334817
48.0805420419957
48.77329333907856
50.99308481415409
51.448178869385686
51.718845116328204
53.515775560931914
51.44530326243472
49.303525060823965
50.90230622623179
49.74065639805949
49.78521338530708
48.960909115029914
48.977045827543314
49.73131238664113
48.83285094785117
48.73982246242048
48.88725339142131
49.59746633434951
50.322111902653624
50.33223220543133
52.7810263746064
49.18133042611918
50.86952446714394
51.14369396987172
49.65852015895997
49.51543778621935
48.9565513424474
50.456189004482404
48.154476511419745
50.35561919177093
51.44041090965464
49.65778500281692
49.48998436540929
49.181393232435454
50.498619974748806
48.619830666206994
50.197268686589034
48.8095502149134
50.96469889670141
49.31898862803644
49.763427505950865
50.1936516903415
49.69415557186251
49.13077588846273
50.14606192951091
49.78220137895005
48.62105992077026
49.386923715488216
51.22099739595708
50.30143941519037
50.173014685349166
50.131169301171454
50.524651891094685
50.96131393430137
49.89449108256607
49.25685341952179
50.94116643694772
49.2754907500923
50.082725532278744
51.0063347192438
49.77139357302701
48.13131040779645
50.03609776644736
48.737173459584035
48.82660738381291
49.5732592087977
51.55153592379736
52.39159763028375
50.88080725885324
50.216377509775185
48.341429063406494
51.99146633584761
50.25105290732553
50.493546297017254
51.73465694204285
52.00253831227711
52.63538960801952
50.25955432594978
48.5761566374413
49.07439112478773
49.10915659856419
51.476051407276245
51.69105799189951
52.553446886092324
51.19202605237262
51.95644139280971
49.69223818048998
49.22652320597884
51.071566131822905
50.29055294020505
52.424071920660495
51.57290301420902
51.56928825427551
49.76158561777258
49.25296693499712
49.37642163948275
49.924357099117316
48.504593970885196
49.03523641345063
51.77395159251606
51.954195878678156
49.698478365859266
49.81321841299672
49.206839747921876
48.901237545210954
51.55766039736711
50.508558097700664
49.506044360708124
48.47790456582453
49.128062979480596
50.41995620204834
50.808007462602106
49.276634833553814
51.85780875097691
49.11042474625762
47.951943072788296
48.75289411145106
49.467379894412
48.925338189206535
49.50296156210806
51.28455816738322
49.4306391527443
48.667982979224185
49.58154053946421
49.33824997926248
50.77984087717824
49.98457605716829
51.73801639846348
49.44546364840193
50.8526491028418
48.9915799811799
50.751234617299744
49.493204945932405
49.61324873912674
49.32901317147407
49.652107159142936
51.599703614707224
49.771838209976856
50.78918097334493
52.06922740810124
49.85451560428349
50.36249277417476
50.06834936566
50.2494378639775
51.54420954351219
52.30273221562016
50.56005925903128
50.58083153675414
49.23795621184113
49.72662539571407
49.63942550743393
51.21603104727991
50.698993831946154
51.53475587726071
49.8803125116171
50.42404225116727
51.73336583025226
48.66419983513471
50.099837597033066
51.56443198977751
50.834493213141464
49.39927571828304
50.888913326817544
51.461140950278434
50.99090829462503
49.90747272694031
49.69083323177476
49.95477253026608
50.36673596473868
51.145647649561624
50.83363314884313
49.49105830268348
48.863598087391175
49.63616349843366
50.07269259861762
50.32639153060533
47.87571264719577
49.21578673303906
49.70055385986808
51.423749412728085
48.72213114351988
51.87281201006736
51.18739880835184
51.40150102122206
49.67433323932476
49.29656862123906
50.26848082375123
50.246779958565824
49.461254737156516
50.553967859801375
49.979098915956484
50.66065292413056
51.72831178041323
51.54997230862012
50.761523868744824
50.14532243254594
50.535129876911455
48.65390487292866
48.76007256721529
47.837191074030784
48.69130279928735
48.32955633350752
49.35244293128496
49.985279897496504
49.561343128099594
49.03515207208168
49.19159179606613
50.64695508741485
49.05251710883872
51.59494253006834
49.161452279398596
49.70925736772789
51.256284070343625
48.80007261697255
48.85175575237341
48.00526056292974
50.397934505434634
49.07943108569954
47.973882128897586
48.046582008302074
49.475544665307226
48.35687475738089
49.98579759290584
48.74235768174162
48.25652556337459
50.05256937172719
49.71831336625629
49.43197448872824
48.55491188880169
48.54262609556662
47.37416176105887
47.601584531455444
48.35667733323986
48.44271387004114
48.02398645899497
46.58790468437761
50.156539997740154
48.5545903393021
47.93396629104712
48.10054469567653
47.615015670072545
46.89888864220685
48.838537363424756
48.725272271668665
47.59472204248089
48.5145127221442
49.2016191892747
47.97685250145723
46.462375429334635
46.7126023421349
47.594255648788895
47.81053220905285
48.48174687532348
48.20063076430971
48.76773126626549
48.20126127411688
48.09382947765726
48.457753819775014
48.64565034523267
50.907785068984715
48.516886430129084
48.93393781061064
49.02733560461215
47.85783491610186
47.495190217237436
48.47265179322057
51.650424420085706
49.976033424803916
50.284771392210864
49.739610145318025
48.159457518586
49.144010117734425
48.66827178233078
48.2783530954779
50.07808600758383
53.08190037532208
51.13553093146441
50.03027860071378
49.433319927512
49.04671605128804
46.758054759312046
50.61474005363874
49.525349385680634
47.41989867743734
48.528753182250824
49.075947918894734
50.639959304856724
49.13122987062286
49.62050670649587
49.918716004912156
50.39540278827165
49.59452656490168
47.9277693728907
49.15849813954364
49.88756331392818
49.951727403030986
50.02330109221351
48.9057264184966
49.4819960397561
49.022956583527616
49.05032944046758
50.21977097046627
50.93978584170576
50.7452130995457
50.878615439209774
50.15194419757661
49.90384416792846
50.88316415666334
48.96751299447801
46.91603438865802
48.113951820018244
49.63010447431202
48.836400927239254
49.67714227123368
48.751364692796905
47.89903019588154
49.241098531535336
50.33117194690502
49.45861489882563
50.492842023922215
50.167641351293234
49.67233305479625
48.86612050728125
49.23401451659359
50.16691859188281
50.610782107858626
48.43205912598295
51.2250839207087
49.68382718140475
49.47475645865057
49.214882578601845
49.802598674848255
48.72359147522146
52.00495023906424
49.633107449228376
50.925107615236094
49.447647624458426
49.00182772519583
47.23923285356954
47.921344964671654
49.086663021768636
49.753285067642096
50.12540082154548
50.18421848739568
48.61937939644652
48.46878864386986
49.64927405171413
50.6613939708215
51.23488950652925
51.473541961075284
48.593813829148665
49.72117303968062
49.1466779189237
51.185988946980025
49.52958274659805
49.70475707223939
50.17974117392688
48.136229844499056
48.69000076562404
50.30224182920896
49.86919904773701
51.77748614046087
49.58549533924627
50.43683675332302
49.77207786426796
49.882361205602805
48.12056716777336
50.31658943746449
49.764592357490905
50.85967184399556
49.339693048531885
48.542215313288445
50.53199333808481
48.98359399717334
49.029208829805555
48.27850639203125
46.72472784083434
48.05045776872547
50.458005637741884
49.17274454519773
50.36692750218568
49.83740524223841
48.43110002190263
48.591644268880216
47.36675280092952
47.61189593388128
47.97805804757143
48.28006405618233
48.41747863133181
47.58285766216635
48.8913600031694
46.67561020704099
48.308276540542025
48.75590104810502
49.388022917937555
50.04483033869958
48.29490800480507
49.17015112608922
48.385541846558276
48.867043006810555
49.701013670420004
50.24528365609205
50.66633387824698
48.57979349137068
48.54264609994719
48.750514769820796
50.94749946128777
50.5146741865175
48.92850713782637
48.934628234210756
48.737957618925314
48.61583171852132
46.73547439832716
49.25586159701445
48.91943024213197
50.55737673869178
49.34364585394695
49.25275330024292
47.64223596513169
47.794151664157084
49.737891182773886
48.493891296451544
50.96239307393608
49.973704207444506
50.42074595810467
49.304922556392796
48.99872004939789
50.93460570607266
50.62291026287218
49.54407981090526
48.02121691582311
46.99525161378059
48.99925260157105
49.96635932563742
50.59662401476279
48.9428585977727
48.374764073782494
48.65856505962849
48.37184129045324
49.498027460054914
46.7304178972827
48.565113948736474
49.10699904553607
46.894835955991944
47.77290636820014
47.748427923109226
49.214163361179544
47.386442140641066
49.32374547532016
50.55898111347964
48.12960471528412
48.125663744281795
48.63237548075723
49.06830397233105
47.945374361060495
46.77556399709977
49.67161260428009
49.70286252348245
48.94342703289838
47.92668720907985
49.84043760522207
50.17458669454664
47.632958438909284
50.684355846955285
48.215761914938376
48.613798134229654
49.13749189712839
50.215408302655696
49.00806883188679
49.11891347469181
48.962966849014556
48.97714026308171
48.17496206876871
48.33329554262978
48.459627733532386
48.82012705703323
48.169688224160474
48.29144660758146
48.08989047952314
49.75333702696653
49.33607951617929
48.93263349037757
49.72158018552935
49.0921699309235
50.290018374342814
50.42428237646825
48.31866009646916
49.26011050878084
49.50274674379547
50.18120679433812
48.54826798420217
47.7478213276438
49.014464753203235
48.94781063189093
50.34239543311975
49.97660001562271
48.4753971463503
48.85520672132178
50.024705371812175
49.56317572222418
51.42664555597886
50.131039649930464
50.99664261644023
52.40443223207518
51.46773350218562
49.38025734098544
48.22133479991564
49.57478147834298
49.508991256866125
50.78920961028611
51.64005455284936
51.316205059630754
51.80831359002663
48.67568497915341
48.62200862551601
48.01220511359397
48.70178662996119
48.675701556787736
50.23148598001082
49.93783245272846
48.465072413197994
48.68450639175977
47.876995444393344
49.319468408993544
48.045249263366536
47.9935771491205
48.21300664014064
48.772189078157986
48.21788025332681
49.200843525445336
50.24116553568385
47.10027104909372
46.55337684861275
50.44747508480888
47.56658150678962
49.34878777285961
50.70468027069662
51.90889697094368
50.89165482401138
48.70039663788395
49.148212035766655
48.445319792954585
49.149433674093146
50.163122862054536
51.27515420341789
51.51311439754326
49.30115085311416
49.63789543437063
47.59804898161275
48.2522239233703
48.76142471041638
49.66298132960977
48.07075803564253
49.82133296067744
50.511729891061485
48.91531214282274
47.76875629139916
47.33453785440065
48.92323895888107
48.59461658691251
49.53420657009774
50.522578754706096
49.323288382354086
49.73089792900025
47.757372457652785
48.82134889432852
47.46619074224408
48.11493655880034
49.469781631157446
49.76026182801723
48.112232817116414
47.414793670057065
46.94984221851743
49.89119747825997
50.59934764390826
50.414911359366776
49.32588239518497
49.08602427090453
49.3512270853074
49.76759691889056
49.462848726765905
48.643768786828595
49.96583978134719
50.00153682793287
48.18827019447666
48.59644051412708
48.56131172694781
48.29659787080962
48.514949897348565
47.96853000252167
50.33425059349876
48.698012904324436
48.631690691522536
49.38256576682726
49.17683699409327
48.89922284385172
50.78574669975941
48.251250860444934
48.54903867362483
48.59206256987228
49.758898302728426
48.74969318114565
46.39715584037921
48.474359820514145
47.73118757699
47.69445410268754
47.41897798326805
47.15313294107937
48.27253731575382
48.35622679048202
50.99100038744053
47.63494487066476
47.23155448493166
48.51403844755812
47.50687335609598
47.24104139774504
49.45971425204269
49.12016329379137
46.31723316760362
49.23757443804943
47.27894044097605
48.30104896844595
47.4030807241078
48.291587803907944
50.24394099303056
49.155905772081084
48.08466817367664
47.84547133161981
48.07560293139979
47.604298482136414
47.869767715287026
47.513575393783675
47.74909678408223
48.020918817593014
49.335740724986174
47.21251140234292
47.53213752444922
47.67960775012377
49.58738477412071
48.753334928224376
49.72901645969789
49.92916299327808
48.68077152711479
48.87495693358351
48.089354929750364
48.056397325113764
48.08052385442007
47.13195054787388
49.27344856631948
50.07345560727673
48.663625642880454
51.59936912041614
48.54188206156422
49.43005569724245
47.56678660414453
47.40850485086008
49.79280046870115
51.02311577405558
51.00771528334522
47.49869359431416
47.85442449095861
48.040433664234534
48.594076639074885
49.002016937158984
50.57738481142328
50.193986227297465
50.47785857885727
50.739250491960966
49.146533706048956
48.282710793566544
49.89236042359228
47.49876382287939
49.090506067853845
50.89744780315255
51.64799698776608
48.87100540580036
47.41175806339923
45.836064042824724
46.54812593588777
49.4258514106567
49.82743483184431
49.32896224598402
49.25893203062163
47.33415451002346
47.25278090442853
48.62857235330171
48.69952828344165
47.27417575907416
49.69761898496521
50.960006380675175
51.66646512700043
49.18036059661172
47.85118657881457
47.96254282719275
47.21945367064084
48.51952222812074
48.94310232826555
49.03287705816909
49.21933015759046
50.770546939100505
49.01344023579494
46.49820671587396
47.92896273836827
49.25411623427153
49.84411211119927
50.66792258310949
50.52244040349556
50.64291952559086
49.51721529087196
50.861898312572016
49.904193517018214
47.9081548661588
50.02709413556568
49.02184420209662
50.6244410960033
50.22852235226038
50.08408728406747
47.80286825270087
50.78804250061413
48.567699462249415
51.07758690262376
49.81040045228563
48.878596023904876
52.813763932980585
49.75286593306105
52.07542162645462
49.784628697240905
50.02134234490898
48.71824997461411
50.7067424734577
51.583363091650725
50.194225420037796
48.841111422078335
49.2057015382778
46.64910657412532
48.33785701916738
49.20712511799231
50.82755751876256
49.51756306021494
48.46493589782619
48.88646479222279
50.48603268557681
48.013096872588264
49.24002508546668
48.01449285734192
50.45879539860764
50.87604139714015
50.85595055816351
49.491451405844536
48.89964712642616
48.454844363343554
48.91560485605737
51.261687065515936
48.65695733018539
53.371189539912585
50.675550568070584
51.22354118814113
50.41964165044435
49.80116711785706
48.35749583588211
49.401328117961974
49.63839239703006
49.03911396225702
48.8531037082188
51.089372726258986
51.26552411490301
48.99581813091269
50.04332197568425
49.08616378316404
52.09899776630368
50.56767777927861
49.04234688069754
49.62470979129017
50.56861284080257
50.597320597742154
49.93737949425448
50.36270076400748
50.51975750821786
50.605250337525455
50.692563251706474
51.92637712885443
49.79156444791305
48.457768934936276
48.35222353855274
46.93659328514909
50.09242695736721
49.63639127501014
49.69803434740626
49.687680391284914
50.12981514696509
47.96115186444703
49.71844534985588
50.751875951331634
50.59943562080019
49.98118812690124
51.24920504131364
50.235466043638475
50.92062622158838
49.908979185840565
50.108916390121564
50.078918199564384
51.90136890454577
51.82035023652165
51.0515600932593
49.19822855024517
52.07181905144983
50.38814266089882
51.349396660390454
51.1007946771094
49.376062734019825
49.77512778416631
49.84017411842193
49.26545488819579
51.538515302933554
51.87601846401616
50.552629549465536
53.093523229198105
51.32575393044023
48.81754690956552
48.58020850598879
50.11725261885851
50.260153600460015
51.99275750124702
52.162153537760915
52.61265679392353
52.04500762354408
51.51170320469976
48.75927372301108
51.30042190762129
50.68778001640062
50.060736843808286
49.59908701664446
51.54034784700468
49.97845482635709
49.7731271011606
48.08645596216595
51.07008681041767
49.31254187656091
49.446999900521746
51.5051742880588
52.831356985457695
50.371409089569994
50.29843188870841
50.879131277077924
49.00564681922082
50.817725641123225
50.22038670782414
50.44150192891647
50.34014470889406
50.03796540513302
50.19197860240762
50.254260216283114
49.022496529028885
50.405640688981805
50.6488135636162
50.695618257224474
51.10811518448604
50.581349787432906
51.23752268432374
49.864242006970706
48.76851921971255
49.49924079754644
53.16060240952247
49.598148834770875
51.95979285901963
51.351281544588595
50.165311143182976
50.1793432465705
49.01716804420659
49.541975691697864
51.25860594326547
48.68190002565427
51.48924782264953
51.626699175525744
49.898222573893136
47.69960437016619
46.96470220601939
48.90478825253992
50.79191534526429
50.71502231536253
51.435054171836775
51.3007163642068
48.911649877624455
47.740607950864366
48.69525776369234
50.92879499037979
50.37786648639108
50.265249778658735
52.39016085567813
52.505173905613425
49.77553681571604
51.348110439809794
48.544073341469364
47.536499066027424
48.27640511810839
51.461859399845906
49.305031792223936
51.18846546277799
50.19813234856429
49.32723258215444
49.54308966877545
49.444310723707744
50.10872673191496
50.36850103587629
49.875802542528
49.443094756217505
50.104042106807164
51.71608297442529
47.93154532870982
48.19747723464236
48.99871594312442
47.39941837954161
49.89773107953353
50.53560780087726
49.98639595120742
50.71409614769429
51.80045469759781
49.540041406122604
50.51697260527451
51.26511245836903
50.51990822600909
49.963814733134114
51.845051652513426
49.40397785915694
50.04919480795488
49.110314046032116
51.0009597747806
46.9127657635139
48.45875706342478
51.190542352063076
48.529993508565326
48.515887512125865
50.66726955834819
50.108406525907995
50.43924011920621
49.967696510906315
48.63455552034448
50.43011439946164
50.07706364484
50.806224217057206
48.80072994148191
50.33823222431487
49.52334897817705
50.39701893511754
49.75965054613117
49.411215188678746
50.160106032813715
48.460331419662154
49.06233966704266
49.986222992252095
49.77127039797992
49.645393532843194
50.924630521457175
48.76753380116383
47.81317307105902
49.25369090807822
48.5033792308609
48.892751105134856
49.68049793297425
46.81105910262053
47.75366069700741
49.63040205157981
49.32348772589461
47.93053436264256
49.33091958570613
49.08271352256441
48.651974169142015
48.11476320614472
49.25399719047822
50.418632645348374
48.86996155154235
50.05570067029478
48.531626403725255
48.27397603800713
48.74762000672125
48.77263934249981
48.6350606201557
51.32344710371649
50.39594014974136
50.70285462608251
50.27720422887339
48.8015842083901
48.61900384700885
47.99129497908228
50.34081785608798
49.87501560957456
51.103057818425036
50.91078643821612
50.72439274735493
48.33864720073836
47.865990300392724
49.381368834509175
52.276263458628726
52.34148004222086
51.45516535386253
50.70285702437329
52.2420590104375
50.52796615104047
49.97581013174588
48.251910859259944
47.91805579161247
48.59754498303892
50.371136802789025
48.94158031876319
49.54838233576595
48.545601873396066
48.09137781277845
48.77534250877375
48.14650813444512
48.93182846083663
49.10690140893404
48.154521291109525
48.715218677492565
46.94958551402574
46.24942843222506
48.64365598625051
48.18643771424926
49.97383436637605
47.31805477731134
47.300425647915056
48.12828263102883
47.94263760731086
47.801220860298315
45.82846606811633
48.10769028812411
48.99826911002264
46.2923729206103
46.86499949891394
47.73342133936683
47.79151560187922
48.42958066113864
46.88478047956263
47.55938247910009
45.91051558190549
49.187573255712955
46.865407587709356
47.965878032813805
45.74649233297495
46.6249562833694
46.262933666259165
48.329207401165064
47.33196025816902
46.8883791078016
46.13037341327275
48.11177256557869
47.778481767087285
47.69750330874351
47.501094392468715
47.95058840304831
50.526884372237426
48.2947670066516
48.179848782382486
47.28332168479957
47.72111727111524
47.400908444469486
47.63130855575173
47.32132936085302
49.30999561621321
48.36251740623753
49.526922413769825
46.96266566042624
44.18869115188867
45.56001510855985
46.33035243792484
47.3757417402343
47.735193874569475
49.41122179388109
48.81830482831198
46.69928464892531
49.1768153355508
46.620017004477404
47.0893442304592
49.239427196979214
48.005693409781486
49.25751624117302
46.24936597344574
48.34849484817974
48.34551113245993
47.75676882642887
47.901170883404674
47.59280897779866
48.3319581038169
52.34558090914874
49.81420989063528
47.68988233291802
47.57935143307451
47.1646285990702
47.18466656458576
46.59307681478667
47.87744536987864
47.29482450563872
47.463026098188216
48.299772727681784
47.324479942425775
46.424890198652825
46.35495434849746
47.0162351208298
47.58919261463087
48.38014646422498
49.3007083127777
48.141981689602126
47.93114110862519
47.73612965279237
47.53195310018531
46.19016780975974
48.07110403644391
47.02010104964762
47.87093966588375
47.66201128777091
46.70047784519248
47.27868380912818
45.93602566982379
45.91440594638625
48.60974066084302
46.821732314448056
45.49715857796018
44.36895592140744
45.02373268104421
44.64290367308643
45.592945967201906
45.743337329551466
46.53793914948857
45.88090412285324
46.9770106285679
46.919194485773055
45.21632615322764
45.254758327090876
44.34865918750258
45.40607931651861
47.26092459281443
46.05476424118345
45.797982851390145
46.39673196772165
45.92995117076264
46.34623260687157
45.40428134834447
45.639666986973396
46.135401358973915
44.35471902112504
47.46147706727083
48.266620861555396
46.61359608053378
47.83235704155163
47.7207133348991
46.87805168423664
47.53620456615961
48.79400927063549
47.250722353476085
48.05335620312768
48.15542360879178
47.579729889162664
46.376422806353965
45.13312164724471
47.55297192131255
46.103406397071055
46.43298217206808
47.23466599550791
45.94302548000064
47.25530703853601
47.22225528136495
46.340013414804275
47.32052069962059
44.794724302171225
46.70052769301569
46.06715936120291
45.930218691507214
44.996656479935936
47.10069317976102
44.02115175816801
46.67887940704841
45.4111583761134
45.10036237596133
45.99065844626871
45.27289216599382
45.62734129927877
44.47737704244311
45.27682425729102
45.588612622706606
44.34215857159181
46.36194907789543
45.97142697142165
44.94093686513727
44.69226782991451
46.283391065897355
44.82153502812812
45.12009982177967
44.28537251167156
43.62075062691372
45.24054233830087
44.686440926095464
45.67253487696148
44.513623001690945
44.444547296785686
44.48573598461383
45.81297235264225
45.22212463050555
46.29235039631978
46.58761230426775
44.370256765933185
45.778087369535015
44.935210833208025
45.55964344363045
43.81956420922041
45.532568759875424
44.96609399944674
46.49550165098606
44.68390970474689
46.28387648784976
45.11392988390709
45.62691292525299
46.134851932484466
43.7869538746829
44.91053950607504
44.86510402209978
45.195144797665996
45.175617593507106
45.02690923693376
45.58545712861062
45.784956728414095
44.53727103563639
46.698984358820425
45.36773702832531
43.57257538037065
44.726471447173616
44.72121743162404
46.81040617838489
45.997249825395755
45.684752012427005
45.11658006719697
43.215580071201735
45.128025236015375
44.774459483257935
44.320300445328684
43.87936723952224
44.80098480246009
46.073552737220126
46.56845064879751
45.53819210720631
45.12788084443738
45.22665445560986
45.48250969648422
44.971597658195215
44.93895724963654
44.62565689428135
44.877271787728
44.645142529313475
43.72286629657891
44.79034259366329
45.12002581531668
44.16861472274919
44.50167088189644
42.825663062135995
44.75833614112016
45.64094734566583
44.53464770413056
44.61995761043766
45.14290283594688
45.5718651546041
46.25182474179031
44.000735661042945
43.35895852642598
46.160504064413615
44.79535552750771
47.45062498854939
44.96841230044742
45.43490341794548
45.955613887033984
44.65358238853571
44.8403598490892
45.19420830229845
44.794942383646465
47.46869223897077
45.727859886057566
43.78533234053226
45.160723816767224
44.19066132852096
44.751371293304025
45.759060376895206
44.22625201385204
43.409880288954945
41.288918268454765
44.97254017089172
44.91522248594253
46.09058707763766
46.30398697782685
44.644378678698295
45.09943087967939
44.65435207278648
46.1544101984234
44.53714625200573
45.2932846596415
45.347170214642624
45.008118863667676
44.156078800243634
44.43486165703046
45.15182079212527
44.626210039404434
45.44286308035818
45.1860179722748
46.024929652024355
46.235091484752914
46.87560405499064
43.7231370217963
43.630653149815146
43.59960592806347
43.76322485603474
44.186283093213696
43.7479495354868
43.585305934949695
44.1573908395221
43.178149514165234
44.00698099376281
41.746529290871564
42.890520113684765
43.68331078794137
44.42646793258835
44.36802133658914
45.883403412047265
46.656958810988385
44.617094493138396
44.57075340716016
45.36996557975113
45.78068724409617
45.1936287921846
46.15438654956657
45.183717050018785
44.58576370971779
44.78546650281094
45.379112377538675
45.46253959126879
44.402248936099554
44.37368074711796
46.23710583539282
46.31290125870911
44.79640817089189
44.98508817033915
44.3149927144964
44.46089134922466
43.07200506033681
42.47783119715141
43.268325076919254
42.90058585171313
46.02381736133481
44.64994620162659
45.25441060398373
45.20710300640236
44.934863294181866
44.00533661918021
44.87299520296956
45.63300906219509
46.09558970283975
46.07690827663328
45.901113624253384
45.03311114191665
44.490219192682545
44.66400169868086
44.401487243610084
43.817212511765455
43.9216816870077
44.666537675656485
43.90473543666306
44.68661299622159
44.822563287333956
44.59349947536979
45.64791524325526
45.546520291779004
44.971783880880515
44.85193246700557
42.32965653569744
44.334745382061456
42.77446233104803
43.72658825953849
44.51988344544954
43.06684368676266
45.43994834869082
45.64477330356131
44.505868355250044
44.168398086552145
43.774781053550875
43.73234974065674
45.08693527060286
45.900958608632486
45.41900021740812
46.81813307087347
45.2649806529164
44.036628504727034
44.26537126900637
44.43183696508512
46.72929263610633
46.157349800926696
46.545681242121184
46.81027678134867
45.89020978758166
46.648363761706634
45.68644575862907
46.35325229890283
46.678814292299336
46.4271959376928
46.845285428233616
45.772502935788175
46.053812228802755
43.853322897044556
44.71136036370761
43.77778303878934
44.8669469920416
45.60848440631803
46.3007598774322
45.302865879860434
43.98036062733512
44.877279177834836
45.73478130360194
45.3561265900536
45.30214521879401
45.59213563645039
44.91083887493263
44.95975596905023
44.9433457236062
44.65936053591923
45.72527823120714
45.66226538105164
46.730057720890294
46.227052450016224
46.33125236996147
46.11996918203566
46.849020710887466
46.38447935834524
44.53596149001789
45.11396887075777
44.99942834928805
47.12713919729565
46.837567581174525
46.112243872209255
46.324327625379155
46.68038644753762
45.401364384600136
47.77431120349417
46.99986770527585
45.23535049974037
46.91188477664574
45.45811642357338
44.91334957826995
44.348929705599154
46.67858297040384
46.50024842942299
45.074982668762686
45.45318663361416
47.024961809531526
44.51436808878445
45.31489106565584
45.712462961917026
47.13454537021226
45.33904280465217
46.25554242658257
48.865822074296005
47.440061589675764
45.33617678463755
47.837952588859864
47.85089692484504
48.6302574844117
47.83190682475546
48.4031576079021
48.22119495412065
47.78217772091021
48.288000063346146
47.90561054983321
47.11713449647787
49.08082586921015
49.75951310794643
48.08932113017832
46.84385526996283
46.8609317714636
48.23024068483916
48.740053389393644
47.609538901817054
47.34187129480302
47.40412050381699
47.600238240942055
47.30258893603327
45.71442364641563
46.596095248319955
48.192288087168315
46.91566977103168
46.51946475566006
46.00804878877994
47.12763771360612
47.02181392086143
46.262626782202915
46.07339054770414
44.94239909534178
47.40135198167714
45.04241199853206
46.093854847546915
45.41875427091008
46.5236132119807
48.6900383637173
46.667696563348336
46.61634044821306
45.66712772303637
45.96703728792899
47.33480707706411
47.29235020218127
46.72607516758633
46.932906700182976
46.86548285440243
47.308586812446606
45.52496781382318
44.303686206020544
48.1228501991724
46.30289089328389
47.271053690670186
46.17092904708842
44.45800914895244
45.920420858848615
48.14259142237149
45.752533045121496
45.08968204771564
47.30083119718391
47.52056941192036
46.26469298713397
45.410264014492974
46.57025634898497
45.66762851540257
47.45320327158493
48.04091444148391
47.82958302125207
47.27648176937517
46.94122478867793
46.90627777273751
45.75237440974046
46.42071784969144
45.707168940301536
46.71055706893011
47.68966018913605
49.69681255034783
47.82799510490111
46.856191840588096
45.62778644907356
46.92375374349456
46.34045134367079
47.9536979794055
46.62521120784113
46.65712337508552
46.55676436067171
45.50022022671665
46.49931105852786
46.094062967788005
45.98435591372612
47.08341656624724
46.79196910166734
46.95396193845232
45.78874101935224
45.86244127079836
46.458630867554646
47.03256399987518
47.13901929623474
45.7146004749979
46.43555035355495
45.57154754410447
46.37049385970167
45.581674252278475
45.28560822651102
47.905022433707416
47.014082891713144
44.26975318621373
47.379426534379135
45.78488925991154
45.44371537868538
46.816664970168745
46.270771337870784
46.08274534255916
45.459143188075025
47.18798219163332
46.96159468101399
47.91071672689568
47.239624863074354
48.3517647181666
46.586343071572024
45.905438628366795
47.35235572462412
46.94671116378809
45.252585845814785
47.181735115028076
45.50185782430546
45.96020738254842
47.20387080490149
45.30412855987619
46.799699511424684
44.623608543659394
45.28463698609756
46.163155245973705
45.02357433148883
45.7163377699586
45.624240317116374
44.33462949328401
44.768285233531536
43.58257482244192
43.878612484014184
44.5183584139527
45.613679891650314
46.822678230220596
45.09026578650063
44.80837168177258
44.468061282991435
45.694561594078
44.84890327131242
45.91216115007406
45.757848649812345
46.38858035236047
45.24197575606369
44.96532038437047
46.08383855782443
46.222309658320626
44.6051989228117
47.12379675832675
45.15127267137716
44.69348688736195
44.32291801115861
45.95933770256887
45.773803724396295
45.41315133827823
43.80909626753008
44.88130508114737
44.58633694644748
45.26274806850274
44.78528281790568
44.52559048262648
43.59605691249747
42.86341951637035
43.592632984954996
42.96401381436056
44.22936758524206
44.37729032420373
45.0116581938966
43.319632310536235
44.60750008361287
44.587687106078405
43.5691916797592
45.67450180377873
45.11853168372222
43.435629406599105
44.26609606456892
43.43447817718529
43.92674710624546
43.69442863357234
43.11777220471595
44.14505096673672
44.88752176234271
43.49159429071447
43.65081155458795
43.8666781540503
42.66251256522091
43.773794227790596
44.72563476757252
43.28835941498919
44.789067467836574
43.48828431896808
45.75329342965478
44.88556558242506
45.40098229165273
45.80764980639683
44.56808721604346
43.10679589155318
44.10480378491471
44.37978925286203
44.994872594719574
44.519863660788076
44.05431604428411
44.48113025601649
44.03716165608238
44.032091119812854
42.435476684407966
43.70958324083901
42.97177306743975
44.28509057116291
43.15692906484249
44.898989161959996
44.07052565058572
44.06113779753228
44.23775478277522
43.71628158454407
43.684844837668216
42.321130032822914
40.99269621638476
43.26858531212479
43.9516760412117
43.2466460816863
45.29499192916382
43.17563880331255
43.669839207604994
43.1152798404659
40.401328031313355
42.392162054394134
42.68604547148918
43.73049615825003
43.02487082569865
43.880143815801375
44.00289774406317
42.13126919261104
43.83952286527987
43.927809727203865
44.40757035438928
42.17802791566881
43.18219744658288
42.495159257464096
42.02010186664093
43.84693534482253
44.26397749809478
45.91478197975462
46.89785449333267
45.24522978156468
43.96363280992508
41.95173905503999
41.78789572777157
46.56575453204831
43.433180939198884
43.20025026194709
43.998537490206715
42.478240243128724
44.05928817325595
43.69492491398352
44.33275573652975
43.11465125959321
44.07407218041557
44.005329995199546
42.50672280599809
43.75252021941836
45.12100558179515
42.96014470810828
42.995720976213946
43.44481614232268
44.91627380662442
42.740853933485106
44.144645004370624
43.34955035454824
41.980594601992955
44.467555955019556
43.37601689556078
41.74227977824743
43.17896379409668
42.12715302424047
43.05310701202373
41.24690618186246
42.68998760176847
44.03136438094644
42.694441174529196
43.45462461037983
44.32392015950728
42.06686748909334
42.37799434881253
42.26767590381302
43.34447876794192
44.122818208772934
43.686362496338404
42.87502266069693
42.04277751669155
42.151368212575214
43.57785402735105
43.449934309796916
42.36131931740276
43.2734479779878
42.90356025565428
43.64268711906027
43.356813838299104
43.637431066982174
41.30178838608278
40.43749698928813
43.75538650577516
42.218374742374166
41.85482737873065
43.17592922827177
42.48699706283399
42.28916874064785
40.93438451743797
41.52521459412312
41.93110825034017
42.1041403685855
41.8058460488385
41.96125225101272
41.92083865444099
41.84853850101926
43.31029760116825
40.05087017756054
41.19154850107982
41.661729006088486
43.90744634638808
40.800216224749036
42.544023931020995
40.90354240911842
40.31042558708443
41.81403942815735
42.74566671305985
41.390803980447174
43.182749251043326
40.821594005423144
41.860181331351725
40.74148086682934
40.70352062074732
40.633346529357254
40.96370444023271
41.723969846035935
42.94374912195968
42.276389799971
42.46268863141028
42.061798776223206
41.478790487249945
41.652563364353625
41.83877340840969
42.7760385903781
41.78840182961936
42.08391920111889
40.852976964265864
42.16629117279544
40.809910225524455
43.20923179086803
41.51951261609042
42.700301886145
43.59794397844678
43.87073759712154
42.16395856165021
40.714547387525236
42.123454026986735
43.25593335505527
41.91126516925343
43.65925364264904
42.25622903981875
42.34079083186966
42.15297867112729
42.801868844279376
42.817106958117556
42.5432066881357
44.41943939399027
41.647378566816386
43.32046465768519
42.70987799220552
43.86686311756918
42.52614485442042
42.1609615039569
42.68647740600093
43.56786082400058
43.29396594086046
43.9216860062364
43.53260819161264
40.519284426709206
42.4259874512155
41.605702920125744
42.99827071322506
42.78283599223075
43.40002886583314
44.161516337376426
43.19651900653805
43.2867240803374
42.003321657072625
42.26194944728926
43.587515884975396
42.114468156957976
41.52920978535402
41.44978539401376
42.16601986653425
41.52799645298311
42.90750533828811
41.556105241754594
43.52316981728352
41.42109832469351
43.85650887788452
42.36374318770265
42.29193893547313
42.507229837868984
42.5168839552624
44.54657027780921
42.866568535743355
42.971097789145574
43.14440760573693
43.50623697543474
45.66092087180469
45.160468736333314
43.78239167121731
43.130382909176284
44.6140224738552
45.29295324953081
43.87757241766699
43.88999818348396
43.99790269659755
41.97881694241937
41.84573732897606
41.67198553812213
42.15513991897707
43.39366036289031
42.74650277640341
43.63077616137969
41.97131163775647
43.775981083136244
42.05327369218053
43.09776961751115
40.91969725458631
41.96699833231972
42.776239791858096
41.19233701098912
42.006230443656804
42.18090755879856
41.39622787315935
43.16722721834586
43.16590087335631
42.72343246818722
42.194251716690346
42.9218470138374
43.51950195522184
44.08144388563511
44.104263610917386
43.20025722612074
44.82989541377847
41.823867988563926
44.358472304283154
43.264414415699086
42.212186874046544
43.12979114039721
43.138181948759346
42.13380984246895
42.41756796361484
43.40638060674572
43.31006363751291
42.408158937655415
43.67119972721772
40.91868708575518
42.63084501821268
43.38119072946807
43.85373374541187
42.96104198481909
41.94706272937048
42.81265654273863
41.269642080172716
43.97635863184916
45.08411879502637
44.476157196785444
44.60939082535279
45.141650457651096
46.451128457414896
44.25887354241195
43.66719639694943
45.89913427268981
43.04977025456771
42.7089047882558
45.57395162595328
44.337713037952724
43.15614092518077
44.75115425863286
42.65590424310544
43.022176456769756
43.23124779201074
43.002421387370255
43.14420298383125
44.20216150755076
nan
